iteration,sharpe,return,max_dd,actual_sharpe,p_value
1,-0.7801120401665282,-11.110180585562833,-0.19445939663386347,-0.10119511505956884,0.3826173826173826
2,0.3303212886654761,4.78851547553345,-0.10232660758625955,-0.10119511505956884,0.3826173826173826
3,-0.024692222703805226,-1.0477961025133986,-0.11622795999827651,-0.10119511505956884,0.3826173826173826
4,-1.0322960325395758,-20.26704113161335,-0.2527229481507606,-0.10119511505956884,0.3826173826173826
5,0.5780679304412074,12.74881576364779,-0.11139475126992548,-0.10119511505956884,0.3826173826173826
6,-1.0654541455166715,-15.12514870089886,-0.20610557135694574,-0.10119511505956884,0.3826173826173826
7,-0.6998689000595311,-12.609112816668711,-0.1905998577808572,-0.10119511505956884,0.3826173826173826
8,-0.8651666857892902,-16.89879989466817,-0.2137739902135808,-0.10119511505956884,0.3826173826173826
9,-1.1280420733110126,-17.050437968155784,-0.19452820752312905,-0.10119511505956884,0.3826173826173826
10,-0.4185561144223174,-8.143804698989642,-0.16638337118049162,-0.10119511505956884,0.3826173826173826
11,-0.37391933431457713,-5.637821458299497,-0.15022129644982973,-0.10119511505956884,0.3826173826173826
12,-1.0626215928587783,-20.37463813375483,-0.24849301825272407,-0.10119511505956884,0.3826173826173826
13,-0.31250388644341387,-6.164036966319674,-0.15375234321512443,-0.10119511505956884,0.3826173826173826
14,0.27175509879111726,3.7639472153023767,-0.09474215765692906,-0.10119511505956884,0.3826173826173826
15,-0.3125730987786479,-4.699244397732505,-0.11152560463334726,-0.10119511505956884,0.3826173826173826
16,-0.6035072435246212,-10.320520887119255,-0.1311165953359248,-0.10119511505956884,0.3826173826173826
17,0.7533148619080764,9.503726928698697,-0.05214436177718962,-0.10119511505956884,0.3826173826173826
18,-0.05240653893702778,-1.0867263950317785,-0.08871606050217651,-0.10119511505956884,0.3826173826173826
19,-0.7666704266831493,-10.755508498778177,-0.14203905091922953,-0.10119511505956884,0.3826173826173826
20,0.5003724619755883,7.896861109211306,-0.06447616132605827,-0.10119511505956884,0.3826173826173826
21,-0.4914566283775499,-8.316467481668255,-0.19015553416236708,-0.10119511505956884,0.3826173826173826
22,-0.2352171352454259,-4.4154333553642395,-0.13270616605004615,-0.10119511505956884,0.3826173826173826
23,-0.6148247952206959,-10.68397822563002,-0.19708968132210314,-0.10119511505956884,0.3826173826173826
24,-0.49088368609606475,-6.849229510131005,-0.1742916955335424,-0.10119511505956884,0.3826173826173826
25,-1.0150438531943784,-16.773288248380812,-0.20426994733830117,-0.10119511505956884,0.3826173826173826
26,-0.19735480792925605,-3.653044730677446,-0.09607557840300707,-0.10119511505956884,0.3826173826173826
27,0.2188324789060864,2.992974315417185,-0.13326621034355357,-0.10119511505956884,0.3826173826173826
28,-0.7878460959064868,-16.516985840759414,-0.20333418835558537,-0.10119511505956884,0.3826173826173826
29,-1.6965400192064168,-22.522796586313433,-0.2363215565210086,-0.10119511505956884,0.3826173826173826
30,-0.517837577976441,-6.805807664508723,-0.085598313606287,-0.10119511505956884,0.3826173826173826
31,1.2026261189777425,19.97864822602522,-0.05307864264184847,-0.10119511505956884,0.3826173826173826
32,-1.569186739160037,-19.45795710759054,-0.21922879422997,-0.10119511505956884,0.3826173826173826
33,0.37249618840243637,4.961463247211562,-0.11234624340656119,-0.10119511505956884,0.3826173826173826
34,-2.0923535185742432,-31.668289957574757,-0.35302582758439327,-0.10119511505956884,0.3826173826173826
35,-0.4028168104581731,-6.610787254837791,-0.15779457018000642,-0.10119511505956884,0.3826173826173826
36,-0.2026233550942805,-3.6321019722433068,-0.12937719740223363,-0.10119511505956884,0.3826173826173826
37,-1.2338307574995682,-22.053356598149264,-0.2346721618495332,-0.10119511505956884,0.3826173826173826
38,-0.26050313101474337,-5.965729827835398,-0.12230435849916299,-0.10119511505956884,0.3826173826173826
39,-1.1559945909424598,-20.096585161145263,-0.260654765864335,-0.10119511505956884,0.3826173826173826
40,-0.6918280816483464,-11.738437738066898,-0.15124159123790637,-0.10119511505956884,0.3826173826173826
41,0.6406733041035017,9.02536061152832,-0.09050217836106855,-0.10119511505956884,0.3826173826173826
42,0.6363531166044158,9.052666607498217,-0.11394360508001466,-0.10119511505956884,0.3826173826173826
43,1.1085982171477786,15.171984288309481,-0.05412190304706144,-0.10119511505956884,0.3826173826173826
44,-0.12762233323173344,-2.3536322151030076,-0.14494565577659524,-0.10119511505956884,0.3826173826173826
45,-0.9875241160587449,-11.71793472603646,-0.14698726321194366,-0.10119511505956884,0.3826173826173826
46,-0.71607293770939,-10.860113526286664,-0.1735762914051886,-0.10119511505956884,0.3826173826173826
47,-0.7166313338789544,-11.16213257193438,-0.14837519773092422,-0.10119511505956884,0.3826173826173826
48,-0.2793343895014352,-6.944008589771911,-0.15127589540098518,-0.10119511505956884,0.3826173826173826
49,-0.01108201138473193,-0.685626703118758,-0.18400869003356735,-0.10119511505956884,0.3826173826173826
50,-0.2574327248329367,-4.574929818058915,-0.12062878063000493,-0.10119511505956884,0.3826173826173826
51,-0.33833907639623917,-4.429253307520953,-0.12360924703895881,-0.10119511505956884,0.3826173826173826
52,0.8970652510362284,13.118859020681018,-0.10477332744947665,-0.10119511505956884,0.3826173826173826
53,-0.7678853878548506,-15.422658292482861,-0.2083310243045975,-0.10119511505956884,0.3826173826173826
54,0.11029932293434148,0.989341155227641,-0.07719090442039189,-0.10119511505956884,0.3826173826173826
55,0.489882497419929,6.575698822813636,-0.08265480137552439,-0.10119511505956884,0.3826173826173826
56,-1.2128496258705512,-22.76634437748717,-0.2674141218628552,-0.10119511505956884,0.3826173826173826
57,-0.2200805535526966,-4.599933338274498,-0.09591312219114378,-0.10119511505956884,0.3826173826173826
58,0.12376982936102598,1.3316125497368603,-0.07078568370152782,-0.10119511505956884,0.3826173826173826
59,0.8272692438473578,12.939031024415893,-0.06650736042278838,-0.10119511505956884,0.3826173826173826
60,-0.07410769549565246,-1.6553704163796423,-0.11994408295605918,-0.10119511505956884,0.3826173826173826
61,1.0533512751319452,17.065298649912663,-0.10567474988271575,-0.10119511505956884,0.3826173826173826
62,0.573568552465852,9.307004794834327,-0.12446876458941425,-0.10119511505956884,0.3826173826173826
63,0.22439094104663568,2.874309113589524,-0.08525747433829722,-0.10119511505956884,0.3826173826173826
64,-0.11962933950759233,-1.920376692542669,-0.10908144582650858,-0.10119511505956884,0.3826173826173826
65,-0.09312944479373597,-1.649856403349692,-0.10595551524253399,-0.10119511505956884,0.3826173826173826
66,0.10962597867720437,1.1982541133567892,-0.11121416826158692,-0.10119511505956884,0.3826173826173826
67,0.7786969238746078,13.526600067657846,-0.09661901015700503,-0.10119511505956884,0.3826173826173826
68,0.7556479068947861,15.284241732293458,-0.1530012539838439,-0.10119511505956884,0.3826173826173826
69,0.7836750960499062,11.867990321823774,-0.07475603710144174,-0.10119511505956884,0.3826173826173826
70,-1.2294045180743438,-20.00616472043568,-0.22738860726395493,-0.10119511505956884,0.3826173826173826
71,-0.8232293336042216,-15.005969487890203,-0.19558428596243593,-0.10119511505956884,0.3826173826173826
72,0.9402785235271879,13.019251066995285,-0.05633817026246979,-0.10119511505956884,0.3826173826173826
73,0.05142698107485005,0.24493185253595673,-0.05791294553442017,-0.10119511505956884,0.3826173826173826
74,0.960720293473816,15.451024391366165,-0.10246995012089943,-0.10119511505956884,0.3826173826173826
75,0.10240378683663004,0.9429395440768484,-0.07467194068877114,-0.10119511505956884,0.3826173826173826
76,-0.7694409619660991,-11.653369524732371,-0.16318970268926136,-0.10119511505956884,0.3826173826173826
77,-1.6072972428577637,-24.85243630624573,-0.28532289236270114,-0.10119511505956884,0.3826173826173826
78,-1.2277730830242448,-15.894550989553192,-0.20135747482691635,-0.10119511505956884,0.3826173826173826
79,-0.5175907913290382,-6.960912075175274,-0.1384279006944963,-0.10119511505956884,0.3826173826173826
80,0.8592513801643088,13.144097538639432,-0.0826701486735213,-0.10119511505956884,0.3826173826173826
81,-0.8559499333284509,-13.500381037493991,-0.16113859134778385,-0.10119511505956884,0.3826173826173826
82,0.2646846106353071,3.3110687977284003,-0.0966051119149598,-0.10119511505956884,0.3826173826173826
83,0.5922317246916156,9.259381247184773,-0.07425751595121755,-0.10119511505956884,0.3826173826173826
84,-0.5246198419159934,-9.87141007136022,-0.17951797580513895,-0.10119511505956884,0.3826173826173826
85,0.428500114644307,6.0209159494450715,-0.1370069844972719,-0.10119511505956884,0.3826173826173826
86,0.3725027358771457,5.474759631606885,-0.12705168381201726,-0.10119511505956884,0.3826173826173826
87,-1.0510715615511652,-14.09867748658009,-0.21521493493446398,-0.10119511505956884,0.3826173826173826
88,0.438712177562091,6.357634892576924,-0.06780177958246036,-0.10119511505956884,0.3826173826173826
89,-0.391048734934137,-6.807176818668681,-0.19665216172363575,-0.10119511505956884,0.3826173826173826
90,-1.563146162972769,-24.707351324374784,-0.25558761844472855,-0.10119511505956884,0.3826173826173826
91,-1.5356320412745843,-24.977454419786802,-0.2733012493319339,-0.10119511505956884,0.3826173826173826
92,-0.019236024031535993,-1.0090263110783426,-0.1677066376724613,-0.10119511505956884,0.3826173826173826
93,-0.19425480941913859,-3.765959242515504,-0.16668450406369129,-0.10119511505956884,0.3826173826173826
94,0.23827355127591068,2.5703737309185737,-0.07887850775745509,-0.10119511505956884,0.3826173826173826
95,0.4308404529428618,5.487498408425884,-0.08222484713465328,-0.10119511505956884,0.3826173826173826
96,-1.5070647439573297,-24.2238791953842,-0.25615763131186786,-0.10119511505956884,0.3826173826173826
97,-0.1695572502830141,-3.013136965687646,-0.1357337924942913,-0.10119511505956884,0.3826173826173826
98,0.28659743775026625,3.6235258545670668,-0.10722792915949919,-0.10119511505956884,0.3826173826173826
99,-0.21126812212931953,-3.525121611261328,-0.13700232769495824,-0.10119511505956884,0.3826173826173826
100,0.5702466538313953,10.303432826249237,-0.10216655634946659,-0.10119511505956884,0.3826173826173826
101,0.24467760889125661,4.040596797409224,-0.1226586283742811,-0.10119511505956884,0.3826173826173826
102,-0.6858211750648402,-14.190761642288729,-0.22927834342150943,-0.10119511505956884,0.3826173826173826
103,-0.1750552700540624,-2.9687138263595036,-0.10108622753204499,-0.10119511505956884,0.3826173826173826
104,-1.1098292979641793,-17.408247145298994,-0.21868045091901367,-0.10119511505956884,0.3826173826173826
105,0.7629288548958539,11.464285693150478,-0.05820891907021897,-0.10119511505956884,0.3826173826173826
106,-0.3303667560772821,-5.050296168734258,-0.12666630076684138,-0.10119511505956884,0.3826173826173826
107,-1.2118093514111703,-18.780466246674354,-0.22178435199423785,-0.10119511505956884,0.3826173826173826
108,-0.5268341427292667,-6.845174870671178,-0.1382070567191478,-0.10119511505956884,0.3826173826173826
109,0.8810006744731721,17.962862717394202,-0.08040504224254241,-0.10119511505956884,0.3826173826173826
110,-1.1163006714275552,-13.610315903837877,-0.19263901855891385,-0.10119511505956884,0.3826173826173826
111,-0.15155350722639427,-2.7207848470332086,-0.12549244199881648,-0.10119511505956884,0.3826173826173826
112,-0.6702522680697066,-10.657258843210816,-0.16508327379476617,-0.10119511505956884,0.3826173826173826
113,-1.6383300171933957,-24.352646056438264,-0.29075438621705396,-0.10119511505956884,0.3826173826173826
114,-0.9019589318164848,-15.0323531053286,-0.24867252495362335,-0.10119511505956884,0.3826173826173826
115,-0.7278238418920643,-11.564894594088527,-0.12724881082630268,-0.10119511505956884,0.3826173826173826
116,-0.3409205836556638,-5.407326338247298,-0.1457417298567022,-0.10119511505956884,0.3826173826173826
117,-1.347848165495345,-18.938610890698104,-0.2103434684892822,-0.10119511505956884,0.3826173826173826
118,-1.2464880210599425,-18.65344899517266,-0.19549213421857758,-0.10119511505956884,0.3826173826173826
119,-1.0146140698889432,-19.88008709939072,-0.3012721575936369,-0.10119511505956884,0.3826173826173826
120,-0.34319343830840343,-4.759290384669656,-0.10993862661763776,-0.10119511505956884,0.3826173826173826
121,0.3185622482414928,4.815340252925826,-0.07047002657843993,-0.10119511505956884,0.3826173826173826
122,0.684670398476631,13.060199204487223,-0.10939889400197567,-0.10119511505956884,0.3826173826173826
123,-0.7849707261581884,-12.32961205243106,-0.1557784963119323,-0.10119511505956884,0.3826173826173826
124,-0.4773917954937379,-7.246285051646084,-0.16885533827001953,-0.10119511505956884,0.3826173826173826
125,0.36378940895233974,5.46607030290609,-0.09103606056591096,-0.10119511505956884,0.3826173826173826
126,0.1875997559091404,2.0136138395351333,-0.09036542687219373,-0.10119511505956884,0.3826173826173826
127,-0.19823556393717795,-3.1551910808898187,-0.13086029272836996,-0.10119511505956884,0.3826173826173826
128,-0.6487589573501895,-11.023701037812994,-0.13618735739679433,-0.10119511505956884,0.3826173826173826
129,-1.5464307695445816,-20.532187630300648,-0.24351231345892232,-0.10119511505956884,0.3826173826173826
130,-0.4530986651575938,-6.7381463164361,-0.1529736282615436,-0.10119511505956884,0.3826173826173826
131,-0.2921700696128471,-5.7870479353122395,-0.10248922225857993,-0.10119511505956884,0.3826173826173826
132,0.5319589116419888,7.091054033978894,-0.124397181902274,-0.10119511505956884,0.3826173826173826
133,-0.7623998986667749,-15.390897080447651,-0.23606583336303255,-0.10119511505956884,0.3826173826173826
134,-0.45475424340840437,-8.345665364136545,-0.16693596485496665,-0.10119511505956884,0.3826173826173826
135,-1.6366477856271209,-21.930776880156355,-0.27877362257517346,-0.10119511505956884,0.3826173826173826
136,-0.022706523274740504,-1.2329425510881231,-0.1371925460783101,-0.10119511505956884,0.3826173826173826
137,-0.39652569188000825,-5.235718328642525,-0.11114594568913216,-0.10119511505956884,0.3826173826173826
138,0.5832993091968918,8.945262005045084,-0.10265043696003961,-0.10119511505956884,0.3826173826173826
139,-0.721579436936992,-11.812828754975103,-0.18488827385027973,-0.10119511505956884,0.3826173826173826
140,0.06975547287549312,0.46117894013468774,-0.1562874061138726,-0.10119511505956884,0.3826173826173826
141,-1.0433198406588342,-13.589376054003733,-0.18605053679863592,-0.10119511505956884,0.3826173826173826
142,-0.6426000040680409,-12.687819515847442,-0.20040862203532617,-0.10119511505956884,0.3826173826173826
143,-0.7719805264651933,-12.043602878356396,-0.20741787472321216,-0.10119511505956884,0.3826173826173826
144,-1.2166853367875767,-18.89555944065091,-0.22388376575908886,-0.10119511505956884,0.3826173826173826
145,-2.228253120010543,-30.235995764846535,-0.30820806922915644,-0.10119511505956884,0.3826173826173826
146,-0.15192810769351472,-3.1699699668812364,-0.16917633077438565,-0.10119511505956884,0.3826173826173826
147,-0.31216907216711937,-6.14233780496275,-0.16558695150414282,-0.10119511505956884,0.3826173826173826
148,0.9518485273035873,14.237924051981299,-0.09586849426856481,-0.10119511505956884,0.3826173826173826
149,-0.6528328584949676,-12.586088110867077,-0.2299232347774942,-0.10119511505956884,0.3826173826173826
150,-0.8252279077938359,-13.182393976083361,-0.14028086289279673,-0.10119511505956884,0.3826173826173826
151,0.18818031029537974,2.207873397891169,-0.07823488407694312,-0.10119511505956884,0.3826173826173826
152,-0.5711739725966491,-10.77915781555726,-0.18052788207947357,-0.10119511505956884,0.3826173826173826
153,-0.9884561618509626,-16.798753050517192,-0.2460696856033323,-0.10119511505956884,0.3826173826173826
154,0.481622861453204,7.144040213872471,-0.10317748142401617,-0.10119511505956884,0.3826173826173826
155,-0.09531090892759166,-2.0852244522557517,-0.0978958159596649,-0.10119511505956884,0.3826173826173826
156,0.6122069745502268,9.004297613830147,-0.0901130393835452,-0.10119511505956884,0.3826173826173826
157,-1.7785279492862167,-24.98775472790795,-0.2829648235222705,-0.10119511505956884,0.3826173826173826
158,0.05981298494469959,0.34985503228472936,-0.1048939283993564,-0.10119511505956884,0.3826173826173826
159,-0.6947556327518103,-8.941301058601603,-0.19524401021706095,-0.10119511505956884,0.3826173826173826
160,-0.3557314452438453,-6.568591421483994,-0.16767160421152805,-0.10119511505956884,0.3826173826173826
161,-1.6187444661892314,-28.079310127635924,-0.3137929794662311,-0.10119511505956884,0.3826173826173826
162,-1.0947068985293542,-19.01450422359401,-0.24563873029274874,-0.10119511505956884,0.3826173826173826
163,-1.0516600038163586,-13.033511899525951,-0.21065051331076245,-0.10119511505956884,0.3826173826173826
164,1.042094142554228,18.731461815803673,-0.06427021336233218,-0.10119511505956884,0.3826173826173826
165,-0.5428230134939205,-8.80588278222747,-0.10628809950942875,-0.10119511505956884,0.3826173826173826
166,-0.49549534818381846,-10.874449884732861,-0.21307481650883997,-0.10119511505956884,0.3826173826173826
167,-1.463939105459203,-23.260442485281065,-0.2649179724792776,-0.10119511505956884,0.3826173826173826
168,0.9445581883298372,11.916361364459217,-0.050353325223755685,-0.10119511505956884,0.3826173826173826
169,-0.22847321092850995,-4.444486866325004,-0.1257231296932254,-0.10119511505956884,0.3826173826173826
170,0.3679655401258048,5.361502050568734,-0.10236312355851662,-0.10119511505956884,0.3826173826173826
171,-0.07649936359593579,-1.882527222438346,-0.11659128659273443,-0.10119511505956884,0.3826173826173826
172,-0.8579951241907877,-12.013795168664942,-0.1527633347063927,-0.10119511505956884,0.3826173826173826
173,-0.43270970749521903,-6.452361889779567,-0.17504940771414368,-0.10119511505956884,0.3826173826173826
174,-0.15304524047064785,-4.329246277191501,-0.24391318721177924,-0.10119511505956884,0.3826173826173826
175,0.2746689787790327,3.729247894435539,-0.12476280538143358,-0.10119511505956884,0.3826173826173826
176,0.27514899203121246,3.5914191092946357,-0.10882346876156102,-0.10119511505956884,0.3826173826173826
177,-0.9969910867556951,-22.461070216213773,-0.23854344782582715,-0.10119511505956884,0.3826173826173826
178,0.6207711956645428,6.943513121150291,-0.08046056351048969,-0.10119511505956884,0.3826173826173826
179,-0.3382127896405966,-6.308077452214366,-0.12890849271035054,-0.10119511505956884,0.3826173826173826
180,0.7052633528017276,9.303864735001287,-0.07887156472089496,-0.10119511505956884,0.3826173826173826
181,0.693692582047196,10.328255048150359,-0.058191084117870884,-0.10119511505956884,0.3826173826173826
182,-0.06734191328231413,-1.558905813081457,-0.16114792882768136,-0.10119511505956884,0.3826173826173826
183,0.04416165434213882,0.08196325603808674,-0.10012978452692889,-0.10119511505956884,0.3826173826173826
184,0.6234965088816408,8.32341009349129,-0.07630883531449772,-0.10119511505956884,0.3826173826173826
185,-0.10212223586456959,-2.7177975504180885,-0.16108635851318576,-0.10119511505956884,0.3826173826173826
186,-1.4871339334334446,-16.96002484631758,-0.19546204088092423,-0.10119511505956884,0.3826173826173826
187,-0.50544733082413,-8.116118665577233,-0.13348818913218874,-0.10119511505956884,0.3826173826173826
188,-1.0093058965898378,-16.409346555099003,-0.18649712760860404,-0.10119511505956884,0.3826173826173826
189,-0.20070961235689333,-3.959092173676093,-0.14622054653256078,-0.10119511505956884,0.3826173826173826
190,-0.6225913151908934,-8.376608006873887,-0.15545079520267957,-0.10119511505956884,0.3826173826173826
191,1.0621936379369166,16.3484993867544,-0.08837243314933174,-0.10119511505956884,0.3826173826173826
192,-1.5123262299774851,-22.181137233229798,-0.24349066730302715,-0.10119511505956884,0.3826173826173826
193,0.14667698762876485,1.7790385797620045,-0.11070497662711265,-0.10119511505956884,0.3826173826173826
194,-0.7621621608712442,-13.063964781705106,-0.1648390950785682,-0.10119511505956884,0.3826173826173826
195,-1.3374205251036824,-19.732113793526207,-0.2090383607200359,-0.10119511505956884,0.3826173826173826
196,0.2927631517609146,3.925649883915172,-0.10819444570422865,-0.10119511505956884,0.3826173826173826
197,0.09437625299726353,0.8594721322194632,-0.1217066987731491,-0.10119511505956884,0.3826173826173826
198,-0.09843124176503572,-2.272337226812504,-0.12591739410196467,-0.10119511505956884,0.3826173826173826
199,-1.1199504776302756,-21.755069954709295,-0.27507232502041856,-0.10119511505956884,0.3826173826173826
200,0.14861969017078047,1.786265958080202,-0.1301426941984467,-0.10119511505956884,0.3826173826173826
201,-0.6707892314291697,-10.702356449112882,-0.20597117581452629,-0.10119511505956884,0.3826173826173826
202,-0.761402750960568,-11.183075685620459,-0.1690952170852722,-0.10119511505956884,0.3826173826173826
203,-1.1549487883934868,-17.673606303134214,-0.22831223676045276,-0.10119511505956884,0.3826173826173826
204,0.19797765283168264,3.5096759990950632,-0.1243805957612083,-0.10119511505956884,0.3826173826173826
205,0.35651807806565416,4.03579012694586,-0.09419543721799284,-0.10119511505956884,0.3826173826173826
206,0.25748980736665233,2.8652670191897434,-0.0886265127682887,-0.10119511505956884,0.3826173826173826
207,0.5668831800680303,6.901200229154281,-0.06417897073162149,-0.10119511505956884,0.3826173826173826
208,0.2925460213473566,3.8924297368180927,-0.10914010080713421,-0.10119511505956884,0.3826173826173826
209,-0.0382811555471738,-0.9636562750724109,-0.16738931727560968,-0.10119511505956884,0.3826173826173826
210,0.03981291879402531,-0.028298949537641782,-0.12308504182313806,-0.10119511505956884,0.3826173826173826
211,-0.787492097547635,-12.265573703076038,-0.154632206514969,-0.10119511505956884,0.3826173826173826
212,0.6106400617100589,8.157497740712461,-0.0902150698905656,-0.10119511505956884,0.3826173826173826
213,0.5696927318527015,7.997892349726743,-0.11440264890919605,-0.10119511505956884,0.3826173826173826
214,-1.5812636956525608,-20.49921793518139,-0.2319502072767382,-0.10119511505956884,0.3826173826173826
215,-0.6063933543981525,-12.190600336877255,-0.16815755620498185,-0.10119511505956884,0.3826173826173826
216,-0.11932554202279379,-2.693261440220851,-0.1530727536958696,-0.10119511505956884,0.3826173826173826
217,1.2558095454208977,20.921801006277075,-0.08224573189080531,-0.10119511505956884,0.3826173826173826
218,0.22000781074402442,2.615625613682604,-0.14609272793938166,-0.10119511505956884,0.3826173826173826
219,-1.2723998722604377,-15.875459590225049,-0.19878941792193594,-0.10119511505956884,0.3826173826173826
220,-0.4028453277985365,-5.891297169606046,-0.18579472323201984,-0.10119511505956884,0.3826173826173826
221,-1.1283382960207597,-17.603375157653623,-0.21208574922338463,-0.10119511505956884,0.3826173826173826
222,-1.233902112213529,-18.455301261066836,-0.20150041506390803,-0.10119511505956884,0.3826173826173826
223,-1.0720254898012413,-18.16610465810339,-0.22234793964707522,-0.10119511505956884,0.3826173826173826
224,0.05244248427335963,0.1980725187341159,-0.127795894707174,-0.10119511505956884,0.3826173826173826
225,-1.1912898576309086,-16.743926016099607,-0.20313801206375026,-0.10119511505956884,0.3826173826173826
226,-0.34501225934872326,-6.620933068814794,-0.1252662581082965,-0.10119511505956884,0.3826173826173826
227,-1.4447256262998764,-22.834640289299546,-0.2844583860084776,-0.10119511505956884,0.3826173826173826
228,-0.34863936287166225,-7.296519889623121,-0.15627257893579172,-0.10119511505956884,0.3826173826173826
229,0.5258831361589056,6.782756853863536,-0.11444121833823118,-0.10119511505956884,0.3826173826173826
230,1.4168533900511597,22.60082684821154,-0.04639143032839044,-0.10119511505956884,0.3826173826173826
231,-1.0983846553938919,-18.79636807464532,-0.19405199139354268,-0.10119511505956884,0.3826173826173826
232,-0.024006863615330616,-0.9333965875054084,-0.11373629400098229,-0.10119511505956884,0.3826173826173826
233,0.1810824302069631,2.5791616756194014,-0.17635845279607998,-0.10119511505956884,0.3826173826173826
234,-0.5755822986945371,-8.122415832205354,-0.1273468712883259,-0.10119511505956884,0.3826173826173826
235,-0.7482147113149881,-9.961361721155049,-0.12192076743352553,-0.10119511505956884,0.3826173826173826
236,-1.1884020533710462,-17.50346047917607,-0.20678977631301076,-0.10119511505956884,0.3826173826173826
237,-0.5056992940543085,-8.640561816056923,-0.210971413130978,-0.10119511505956884,0.3826173826173826
238,-1.2400819050620575,-22.276644066233644,-0.30801843406437646,-0.10119511505956884,0.3826173826173826
239,0.33171976929480446,4.958915798914054,-0.11379452928348599,-0.10119511505956884,0.3826173826173826
240,-1.2692909059408775,-17.598945672226495,-0.21420876516963794,-0.10119511505956884,0.3826173826173826
241,-0.08917211946380492,-1.6851851360383252,-0.1131864528084805,-0.10119511505956884,0.3826173826173826
242,-1.0530756613411705,-14.32106104633134,-0.14892159897986046,-0.10119511505956884,0.3826173826173826
243,-0.3828681139523288,-5.229164443989598,-0.10834183528029862,-0.10119511505956884,0.3826173826173826
244,-0.8932346859391693,-15.051494530881627,-0.17728071032806925,-0.10119511505956884,0.3826173826173826
245,-0.09754439215536011,-2.276384746694571,-0.09472136335381642,-0.10119511505956884,0.3826173826173826
246,-0.41436801398591344,-6.64140190317668,-0.13083738011577428,-0.10119511505956884,0.3826173826173826
247,-0.6595640018217092,-11.106178281563006,-0.126654298263016,-0.10119511505956884,0.3826173826173826
248,-0.8416489363811593,-13.362812520568445,-0.20948021221700064,-0.10119511505956884,0.3826173826173826
249,0.8290808377741345,15.068129105855688,-0.07646110569792952,-0.10119511505956884,0.3826173826173826
250,1.2664112658093873,16.905913737261557,-0.048741495907863475,-0.10119511505956884,0.3826173826173826
251,-0.3417680062036835,-5.028863761057323,-0.08708833841939334,-0.10119511505956884,0.3826173826173826
252,-0.07013257914623466,-1.9278083908831456,-0.12281075019625931,-0.10119511505956884,0.3826173826173826
253,0.2479150574513001,3.228615255563261,-0.11136325129598956,-0.10119511505956884,0.3826173826173826
254,-0.7415532887789562,-10.309977553657369,-0.1859680425386746,-0.10119511505956884,0.3826173826173826
255,0.35451271920763694,4.7352500310649415,-0.08686318394733461,-0.10119511505956884,0.3826173826173826
256,-0.49315741078804787,-11.846992089042773,-0.23840449795830765,-0.10119511505956884,0.3826173826173826
257,-1.1257693693030482,-15.01991500497043,-0.18057834474695655,-0.10119511505956884,0.3826173826173826
258,-0.6954032212126844,-10.190401242210623,-0.1555968538019611,-0.10119511505956884,0.3826173826173826
259,0.8586003052543527,10.852981392731964,-0.06198646607036051,-0.10119511505956884,0.3826173826173826
260,0.09851739649232176,0.8651067679421809,-0.06291445801724038,-0.10119511505956884,0.3826173826173826
261,0.3470610993514176,5.021648485943198,-0.08156382222693326,-0.10119511505956884,0.3826173826173826
262,-1.6635181905296956,-25.8280660843177,-0.2649176855336993,-0.10119511505956884,0.3826173826173826
263,-1.1946245629836938,-17.085767741091516,-0.21869502806190433,-0.10119511505956884,0.3826173826173826
264,-0.7873471386544753,-16.334069317155087,-0.23997362182354554,-0.10119511505956884,0.3826173826173826
265,-1.4305930560097835,-19.403596497516805,-0.23946256887129813,-0.10119511505956884,0.3826173826173826
266,-0.9645402377131909,-16.654568444437068,-0.17699263438015111,-0.10119511505956884,0.3826173826173826
267,0.861636771030415,14.667220611895004,-0.09363521880368542,-0.10119511505956884,0.3826173826173826
268,-0.3554764895907204,-7.210314329192191,-0.21987383862354026,-0.10119511505956884,0.3826173826173826
269,-0.25562210519299355,-4.762998364138493,-0.16269857431314405,-0.10119511505956884,0.3826173826173826
270,-1.453424965868086,-19.993283668081517,-0.21674140455065016,-0.10119511505956884,0.3826173826173826
271,-1.3621678326480575,-21.786533964627587,-0.2283818877416116,-0.10119511505956884,0.3826173826173826
272,-2.4572335548056885,-46.32200963879611,-0.4897474299514355,-0.10119511505956884,0.3826173826173826
273,-0.39617176332386556,-6.437585892845055,-0.14408736871362748,-0.10119511505956884,0.3826173826173826
274,-0.11800875282698663,-2.5954450256229444,-0.12046253839447452,-0.10119511505956884,0.3826173826173826
275,-0.7109099593171699,-9.407193084547782,-0.13927021781108984,-0.10119511505956884,0.3826173826173826
276,-0.04709713623279513,-1.5220352964370742,-0.12225033557100085,-0.10119511505956884,0.3826173826173826
277,-0.9215117383316614,-13.732282617878278,-0.1823463928790049,-0.10119511505956884,0.3826173826173826
278,0.7154313848130308,9.76379947593269,-0.14113155928550625,-0.10119511505956884,0.3826173826173826
279,0.4579165690371418,6.438230135209744,-0.0803144532817095,-0.10119511505956884,0.3826173826173826
280,0.8169797617655602,10.171465911000531,-0.06579840588788177,-0.10119511505956884,0.3826173826173826
281,-1.0208922642592102,-12.57176474502143,-0.14485294785943859,-0.10119511505956884,0.3826173826173826
282,-1.0751711447283363,-18.485024763236613,-0.2621403416922603,-0.10119511505956884,0.3826173826173826
283,0.5579490201990654,8.438017434900601,-0.07993382084651879,-0.10119511505956884,0.3826173826173826
284,-0.5813473766448451,-8.511466954296832,-0.20191514059588345,-0.10119511505956884,0.3826173826173826
285,-1.6845621451595265,-25.752015397895832,-0.25993254313216185,-0.10119511505956884,0.3826173826173826
286,-1.0061929984594677,-15.781105157569286,-0.22169434942187272,-0.10119511505956884,0.3826173826173826
287,-0.11453229765529573,-1.7497196862646724,-0.10763200462602407,-0.10119511505956884,0.3826173826173826
288,-0.5737227910045721,-8.67443146143656,-0.15721770027450177,-0.10119511505956884,0.3826173826173826
289,-1.5646166175125464,-20.554118847353397,-0.23829763820919259,-0.10119511505956884,0.3826173826173826
290,-0.47912080403314355,-9.12574491604935,-0.20273308645304522,-0.10119511505956884,0.3826173826173826
291,0.24695785922815883,3.0096261935643964,-0.10021779070171433,-0.10119511505956884,0.3826173826173826
292,-1.143952981802925,-19.767049494371737,-0.2219534751882819,-0.10119511505956884,0.3826173826173826
293,-1.4875424716235401,-20.38802177773984,-0.2400891259279171,-0.10119511505956884,0.3826173826173826
294,-0.09867928444363602,-2.0055923744860427,-0.12015236023305209,-0.10119511505956884,0.3826173826173826
295,-0.05326190707386277,-1.3289220754509778,-0.1017208104403664,-0.10119511505956884,0.3826173826173826
296,-0.46811092435192425,-9.2501280316577,-0.16143256910107562,-0.10119511505956884,0.3826173826173826
297,0.48295856615358773,6.119350260908418,-0.08996773518234691,-0.10119511505956884,0.3826173826173826
298,0.5241133542465554,7.023155355596211,-0.07128692015803206,-0.10119511505956884,0.3826173826173826
299,0.6741047264575445,9.626986919783231,-0.06204471767868314,-0.10119511505956884,0.3826173826173826
300,-0.516890490901325,-7.843303710930227,-0.21366957563718125,-0.10119511505956884,0.3826173826173826
301,-0.3902198831247006,-5.1543458101541155,-0.09720017557757044,-0.10119511505956884,0.3826173826173826
302,-1.065764239319356,-15.168459828545833,-0.22919952646561825,-0.10119511505956884,0.3826173826173826
303,-0.8948643067637783,-12.076066285167176,-0.18197402868305124,-0.10119511505956884,0.3826173826173826
304,-0.64699272274992,-11.356421830245234,-0.21660490901773866,-0.10119511505956884,0.3826173826173826
305,-0.5475790082904268,-9.507591535839344,-0.12737378361832563,-0.10119511505956884,0.3826173826173826
306,-0.33596391671572445,-5.977772690105743,-0.20738772700571695,-0.10119511505956884,0.3826173826173826
307,0.9519493297235652,15.332349445694838,-0.08430285342207677,-0.10119511505956884,0.3826173826173826
308,0.4518990080050385,7.201558862283375,-0.13099700222396826,-0.10119511505956884,0.3826173826173826
309,-0.9436977135728455,-15.96026400530669,-0.2467579581661754,-0.10119511505956884,0.3826173826173826
310,-0.4878871098834081,-11.06734031184915,-0.2557637325667843,-0.10119511505956884,0.3826173826173826
311,0.49737716446727004,7.497409499809526,-0.09763119756297678,-0.10119511505956884,0.3826173826173826
312,-1.5286076096877028,-23.460283916067915,-0.26657529020214554,-0.10119511505956884,0.3826173826173826
313,0.19460626407130519,2.499430413383963,-0.12376238910011672,-0.10119511505956884,0.3826173826173826
314,0.9367395818582903,12.644045152502947,-0.07532199975683451,-0.10119511505956884,0.3826173826173826
315,-0.7775184571637053,-13.849966097620413,-0.17857851093550903,-0.10119511505956884,0.3826173826173826
316,-0.2490349824825667,-4.403733285114864,-0.14424306967727207,-0.10119511505956884,0.3826173826173826
317,0.28030453817500406,3.9397925268784606,-0.09207307005950005,-0.10119511505956884,0.3826173826173826
318,-0.9020274672663272,-16.29985442746532,-0.18990910851881115,-0.10119511505956884,0.3826173826173826
319,-1.1318865428542995,-16.974651238832873,-0.2123095175759303,-0.10119511505956884,0.3826173826173826
320,-1.5306342456201498,-18.242866403525827,-0.19439760774949166,-0.10119511505956884,0.3826173826173826
321,-0.47260507980798216,-7.5001887734933215,-0.14050313414925863,-0.10119511505956884,0.3826173826173826
322,-0.5606032382704377,-10.967090960286773,-0.19287235661707114,-0.10119511505956884,0.3826173826173826
323,-1.3746448140673775,-28.612961129389625,-0.33799943424688916,-0.10119511505956884,0.3826173826173826
324,-1.476529021391351,-37.918914925810284,-0.39305271638446393,-0.10119511505956884,0.3826173826173826
325,-0.964153788819927,-13.063184257232695,-0.21834741369969846,-0.10119511505956884,0.3826173826173826
326,-0.6845682167093812,-8.592571233885426,-0.11466515146108569,-0.10119511505956884,0.3826173826173826
327,-0.16623132729045947,-3.377759294540361,-0.12930364213353118,-0.10119511505956884,0.3826173826173826
328,-0.7871817938955668,-16.693591383890947,-0.22941377863242318,-0.10119511505956884,0.3826173826173826
329,-0.8056394572306284,-13.1918553988554,-0.19089131799676096,-0.10119511505956884,0.3826173826173826
330,-0.21283308801220077,-3.3937186227447125,-0.12058777236885465,-0.10119511505956884,0.3826173826173826
331,0.5383016530249203,6.374956683535582,-0.09571771041843447,-0.10119511505956884,0.3826173826173826
332,-2.0449660732087778,-32.03286354589386,-0.33975097308524616,-0.10119511505956884,0.3826173826173826
333,0.3976056888009874,6.1670118549057795,-0.13007058442389563,-0.10119511505956884,0.3826173826173826
334,-1.367642584638304,-29.191116753990254,-0.3335218571106583,-0.10119511505956884,0.3826173826173826
335,0.9632678621105508,16.654922277396643,-0.07520265808951476,-0.10119511505956884,0.3826173826173826
336,-0.9840143111869324,-14.968206247538962,-0.2427602028139184,-0.10119511505956884,0.3826173826173826
337,-0.8193002640374418,-14.086970950017786,-0.22799307871306518,-0.10119511505956884,0.3826173826173826
338,0.6247529184971928,11.543518041984724,-0.13900568156907145,-0.10119511505956884,0.3826173826173826
339,1.036912744838422,13.777441993022933,-0.07024101302018315,-0.10119511505956884,0.3826173826173826
340,0.5736964152092385,7.89160998891012,-0.06697139271202657,-0.10119511505956884,0.3826173826173826
341,0.0730825058262404,0.5141231725298345,-0.08951331896187842,-0.10119511505956884,0.3826173826173826
342,-0.0752962415033312,-1.2875965838912262,-0.10297157760974507,-0.10119511505956884,0.3826173826173826
343,-0.06630420643204551,-1.8502432340596342,-0.13658062816848737,-0.10119511505956884,0.3826173826173826
344,-0.5031782592882573,-7.5944903454964185,-0.09492359028552955,-0.10119511505956884,0.3826173826173826
345,0.7073359687580427,10.139655479991472,-0.0867241487158702,-0.10119511505956884,0.3826173826173826
346,-0.3155473195672581,-4.563388167456561,-0.11823661564982024,-0.10119511505956884,0.3826173826173826
347,-0.548753837909238,-8.458383707267458,-0.11429143769991124,-0.10119511505956884,0.3826173826173826
348,-0.2530012939701018,-4.3393275434977845,-0.13885187177680758,-0.10119511505956884,0.3826173826173826
349,-0.4372108020556264,-7.6326684009993535,-0.1482597203105972,-0.10119511505956884,0.3826173826173826
350,-1.4977450397114005,-21.13193819260516,-0.23108289785658498,-0.10119511505956884,0.3826173826173826
351,-1.6630070436910633,-27.781998718597624,-0.30991191509427374,-0.10119511505956884,0.3826173826173826
352,0.6690871329378031,11.320612517493277,-0.058274572358094856,-0.10119511505956884,0.3826173826173826
353,-0.5312839712250529,-7.9724862517501105,-0.16294905665723813,-0.10119511505956884,0.3826173826173826
354,-0.9541207010794431,-14.140508224015225,-0.21814210005492074,-0.10119511505956884,0.3826173826173826
355,-0.08467272793621022,-2.087335544627944,-0.1345443255004931,-0.10119511505956884,0.3826173826173826
356,0.39814780115283593,4.777728924389568,-0.08903457693347938,-0.10119511505956884,0.3826173826173826
357,-1.4267715616067553,-21.687985492742524,-0.232193714823676,-0.10119511505956884,0.3826173826173826
358,-0.8463894789726122,-16.164986527319126,-0.25029766155901545,-0.10119511505956884,0.3826173826173826
359,-0.2677821311712879,-4.86611036417024,-0.13522794246801206,-0.10119511505956884,0.3826173826173826
360,0.44814056564336313,5.818553610418231,-0.07571099618966737,-0.10119511505956884,0.3826173826173826
361,0.755411809812079,11.0058596894695,-0.06577470779379924,-0.10119511505956884,0.3826173826173826
362,-1.0576528794840512,-17.413210725449247,-0.24155426952688064,-0.10119511505956884,0.3826173826173826
363,0.10286610299282752,1.0036487814083062,-0.108544639029866,-0.10119511505956884,0.3826173826173826
364,0.6599474524566592,9.51881979617044,-0.06196222325659051,-0.10119511505956884,0.3826173826173826
365,0.5473143138945671,7.44272503246699,-0.06011522040149919,-0.10119511505956884,0.3826173826173826
366,-1.1279652286441486,-20.718122683176897,-0.24199543494792175,-0.10119511505956884,0.3826173826173826
367,-0.07428015002555333,-1.5308193945109405,-0.10168377981710419,-0.10119511505956884,0.3826173826173826
368,0.8444794644350796,12.491684646633194,-0.08049446163420204,-0.10119511505956884,0.3826173826173826
369,-0.3508333192565613,-5.987351110809991,-0.11384642576897064,-0.10119511505956884,0.3826173826173826
370,0.698742476308831,9.289639764821445,-0.06408445781442407,-0.10119511505956884,0.3826173826173826
371,0.2610929340919809,3.604381091465858,-0.10024174072844083,-0.10119511505956884,0.3826173826173826
372,-0.09764843207685235,-2.666601762177756,-0.15417248598801037,-0.10119511505956884,0.3826173826173826
373,-0.3292460762628127,-4.289542249629774,-0.10511379669639132,-0.10119511505956884,0.3826173826173826
374,-0.3531272033172443,-5.712386638871159,-0.16238184693399027,-0.10119511505956884,0.3826173826173826
375,1.216771508684376,19.553938366514203,-0.06632317965091472,-0.10119511505956884,0.3826173826173826
376,0.5319721480314201,9.931932767051821,-0.11025978405038239,-0.10119511505956884,0.3826173826173826
377,-1.2340694048321967,-16.05289063322989,-0.1798839494638711,-0.10119511505956884,0.3826173826173826
378,-1.0537494357827768,-14.83841840069412,-0.189952888289883,-0.10119511505956884,0.3826173826173826
379,-0.7171257926599299,-11.75075415757416,-0.2099947548545541,-0.10119511505956884,0.3826173826173826
380,-0.19251543418174444,-3.2693644376837083,-0.11629426902245232,-0.10119511505956884,0.3826173826173826
381,0.13632168377701817,1.5161404956270719,-0.11363800766393162,-0.10119511505956884,0.3826173826173826
382,-0.6396675982712203,-12.122553642427846,-0.17664550464373252,-0.10119511505956884,0.3826173826173826
383,-0.9997606001883343,-14.994835106258453,-0.1910027362810256,-0.10119511505956884,0.3826173826173826
384,-0.19721896383695128,-3.1841816716850935,-0.12823754883251293,-0.10119511505956884,0.3826173826173826
385,-0.3363202658994809,-7.090920499182507,-0.1364459572308201,-0.10119511505956884,0.3826173826173826
386,-0.4590327842357543,-6.55613875547002,-0.18783005940484399,-0.10119511505956884,0.3826173826173826
387,0.3062221808412261,4.3300072221974295,-0.10835631222978415,-0.10119511505956884,0.3826173826173826
388,-0.4210765267713237,-5.598627257765198,-0.1058384454436182,-0.10119511505956884,0.3826173826173826
389,-1.6169491762413941,-22.539398096073004,-0.23724551988511788,-0.10119511505956884,0.3826173826173826
390,-0.642994054655322,-11.031985424973357,-0.18802665928266615,-0.10119511505956884,0.3826173826173826
391,-0.01283113544140357,-1.0001729012300675,-0.11222513715037119,-0.10119511505956884,0.3826173826173826
392,-0.573815020706992,-7.297317399489622,-0.16626067443169346,-0.10119511505956884,0.3826173826173826
393,-0.577125601818216,-7.6576926316408445,-0.08517874219047161,-0.10119511505956884,0.3826173826173826
394,-1.0092547113037817,-16.62569597113539,-0.19072916189541855,-0.10119511505956884,0.3826173826173826
395,0.2341273006997272,3.303597398998015,-0.1345805578013245,-0.10119511505956884,0.3826173826173826
396,-0.8041594311413544,-17.180500126609168,-0.23814811001627756,-0.10119511505956884,0.3826173826173826
397,0.013300502635905782,-0.49331208008379646,-0.09222760025695287,-0.10119511505956884,0.3826173826173826
398,-0.5143761511175091,-6.735513433865892,-0.16738650056989934,-0.10119511505956884,0.3826173826173826
399,0.009919417993633193,-0.3319184729116409,-0.132149653731657,-0.10119511505956884,0.3826173826173826
400,0.8547571216947282,8.800406115432825,-0.060857778729002776,-0.10119511505956884,0.3826173826173826
401,0.6927246267640778,7.993926851762878,-0.08224250248243647,-0.10119511505956884,0.3826173826173826
402,-0.22684105539423832,-3.1034474389213584,-0.08458401115404812,-0.10119511505956884,0.3826173826173826
403,-0.13439366232513475,-2.1518154745846507,-0.112515903479947,-0.10119511505956884,0.3826173826173826
404,0.021117819500362664,-0.17799212228505334,-0.12968123338014537,-0.10119511505956884,0.3826173826173826
405,-0.519469625194019,-10.581077715726227,-0.19081649889917152,-0.10119511505956884,0.3826173826173826
406,-0.24704809586834237,-4.122080189764887,-0.16608583988680914,-0.10119511505956884,0.3826173826173826
407,0.9525294156574124,14.187512498736531,-0.10577079671122835,-0.10119511505956884,0.3826173826173826
408,-1.8992247877214257,-36.60552620284929,-0.4127009034123572,-0.10119511505956884,0.3826173826173826
409,0.3837314041879654,4.784120157210525,-0.08337786397776814,-0.10119511505956884,0.3826173826173826
410,0.38919472320587156,5.602973796436372,-0.06262984780660408,-0.10119511505956884,0.3826173826173826
411,-0.09424702489573446,-1.658762135050984,-0.09290094313452324,-0.10119511505956884,0.3826173826173826
412,0.2125621791798602,2.8897077972664054,-0.09246107012613236,-0.10119511505956884,0.3826173826173826
413,-0.4407949052052586,-5.935698317987281,-0.09777259747243983,-0.10119511505956884,0.3826173826173826
414,0.04518237380498363,0.08184680403893196,-0.12678483091080217,-0.10119511505956884,0.3826173826173826
415,-0.15433095088990967,-3.130237128786506,-0.09347654769119429,-0.10119511505956884,0.3826173826173826
416,-1.3454605926791987,-21.40657476285359,-0.24245303975387744,-0.10119511505956884,0.3826173826173826
417,-0.542376762552649,-8.660228203260834,-0.1592222549602036,-0.10119511505956884,0.3826173826173826
418,-0.5082575864664687,-7.602071648376752,-0.2068843004720069,-0.10119511505956884,0.3826173826173826
419,-0.6581204941145525,-12.401469347066651,-0.21545842017518935,-0.10119511505956884,0.3826173826173826
420,0.17655260932670122,2.068557018338124,-0.1351707831672353,-0.10119511505956884,0.3826173826173826
421,-0.002255131918161737,-0.6796894065376757,-0.12697276336627172,-0.10119511505956884,0.3826173826173826
422,-0.30265874302331325,-4.915868975285031,-0.11156467397355718,-0.10119511505956884,0.3826173826173826
423,0.5419071613449343,8.220473834206832,-0.0637366144994842,-0.10119511505956884,0.3826173826173826
424,-1.4889135643979352,-25.988517433737567,-0.29427760382770085,-0.10119511505956884,0.3826173826173826
425,0.7846271147324151,12.874464615302571,-0.08686370027853696,-0.10119511505956884,0.3826173826173826
426,-0.27672496358616566,-5.7243580678427275,-0.18702896312125483,-0.10119511505956884,0.3826173826173826
427,0.9926404758798938,15.644340454251804,-0.11605605405446684,-0.10119511505956884,0.3826173826173826
428,0.3733220262281554,5.363087887172413,-0.06887327227430728,-0.10119511505956884,0.3826173826173826
429,0.6228856836556101,9.495771185126545,-0.12133376341227953,-0.10119511505956884,0.3826173826173826
430,-0.8167291879485737,-13.756938041692957,-0.19752529609135538,-0.10119511505956884,0.3826173826173826
431,-0.02711506757675165,-1.0005817628204516,-0.13936687150829685,-0.10119511505956884,0.3826173826173826
432,-1.5049629822032549,-23.486673055128616,-0.31757276597148254,-0.10119511505956884,0.3826173826173826
433,-0.6470607215694758,-10.818399878330197,-0.13491820900552765,-0.10119511505956884,0.3826173826173826
434,-0.37095727781173815,-6.209686782793233,-0.12415362658610096,-0.10119511505956884,0.3826173826173826
435,0.3933006313782787,5.94963834737221,-0.13043851647121085,-0.10119511505956884,0.3826173826173826
436,-0.5770664652216501,-10.658426603703063,-0.2140679114079015,-0.10119511505956884,0.3826173826173826
437,-1.5985501181702795,-20.133669341445525,-0.23481980205412123,-0.10119511505956884,0.3826173826173826
438,-0.6768433606182139,-9.632134216642385,-0.1684846806961845,-0.10119511505956884,0.3826173826173826
439,-0.8751945936898745,-13.233294847312482,-0.1531016579600516,-0.10119511505956884,0.3826173826173826
440,0.5614966828661232,8.82973845886086,-0.12322992091698115,-0.10119511505956884,0.3826173826173826
441,0.6059718562405673,11.514736436569795,-0.09599680207298478,-0.10119511505956884,0.3826173826173826
442,0.052086910966837034,0.2350000537530983,-0.15056263023284866,-0.10119511505956884,0.3826173826173826
443,-1.0246661923482383,-14.050288718951109,-0.16145373779527117,-0.10119511505956884,0.3826173826173826
444,0.01752704053276712,-0.3886962122533588,-0.12298660787300064,-0.10119511505956884,0.3826173826173826
445,-1.4170913102505187,-21.611874010926226,-0.23865490448644633,-0.10119511505956884,0.3826173826173826
446,-0.8043793726852049,-13.342218920878002,-0.1647932978758715,-0.10119511505956884,0.3826173826173826
447,-0.298089748539341,-4.7035655847837194,-0.13371541319675617,-0.10119511505956884,0.3826173826173826
448,-0.2530332970110956,-4.706965494821147,-0.14348372607771254,-0.10119511505956884,0.3826173826173826
449,-0.17403421999539567,-4.027133032324692,-0.14446993401251396,-0.10119511505956884,0.3826173826173826
450,0.12475829279343878,1.416994499837676,-0.09867711906573573,-0.10119511505956884,0.3826173826173826
451,-0.09305603593529403,-2.2027415535824324,-0.1707192976857541,-0.10119511505956884,0.3826173826173826
452,0.3239075632062141,3.675847418968714,-0.10743296470899089,-0.10119511505956884,0.3826173826173826
453,-2.0686560437475805,-32.81807347656085,-0.34461946052858683,-0.10119511505956884,0.3826173826173826
454,-0.11608548130714005,-2.777620007283166,-0.16293011614946695,-0.10119511505956884,0.3826173826173826
455,-1.1487427401650931,-15.379792118585867,-0.17481306217642378,-0.10119511505956884,0.3826173826173826
456,-1.9066271338526217,-26.974328573430363,-0.30019962125624133,-0.10119511505956884,0.3826173826173826
457,-1.0523556649968844,-18.50950108889625,-0.23428896941593036,-0.10119511505956884,0.3826173826173826
458,-0.8614480763192706,-12.905386821087529,-0.1511849084585889,-0.10119511505956884,0.3826173826173826
459,0.47602921864987463,7.003412660771047,-0.08075298085325155,-0.10119511505956884,0.3826173826173826
460,-2.6288227279566057,-32.562338591538044,-0.34035218838684256,-0.10119511505956884,0.3826173826173826
461,-0.29096027954919873,-6.660668212622589,-0.15690914889615992,-0.10119511505956884,0.3826173826173826
462,0.6186884794988669,8.276187490764041,-0.08408575691580733,-0.10119511505956884,0.3826173826173826
463,-0.5057806870516351,-8.843235690244711,-0.14249906863769057,-0.10119511505956884,0.3826173826173826
464,-1.27504100584024,-24.136267840080695,-0.2892766257830015,-0.10119511505956884,0.3826173826173826
465,0.8677206287697313,16.6024266785991,-0.09523419665795063,-0.10119511505956884,0.3826173826173826
466,-0.3841448345518705,-6.521935540743485,-0.09842120395544462,-0.10119511505956884,0.3826173826173826
467,-0.27470268241070217,-4.962583192657199,-0.1604260217821616,-0.10119511505956884,0.3826173826173826
468,0.4497668919657665,7.695840327237602,-0.07541022190223601,-0.10119511505956884,0.3826173826173826
469,-0.29697907332238693,-4.661394366672489,-0.10875907368115711,-0.10119511505956884,0.3826173826173826
470,0.04826238534389243,0.12556129607812494,-0.1174606978970848,-0.10119511505956884,0.3826173826173826
471,0.08746160505727577,0.7663234587972578,-0.12391368570108441,-0.10119511505956884,0.3826173826173826
472,0.01858971471921879,-0.44223977131135905,-0.13059398107823206,-0.10119511505956884,0.3826173826173826
473,0.46255964601483884,6.527115187979016,-0.08098504696834496,-0.10119511505956884,0.3826173826173826
474,1.245963655272328,18.560899249715,-0.09070139638898189,-0.10119511505956884,0.3826173826173826
475,-1.3202895241773882,-18.00554710967547,-0.199834730113983,-0.10119511505956884,0.3826173826173826
476,-1.3112811101238437,-24.994832386811538,-0.30610641107322856,-0.10119511505956884,0.3826173826173826
477,1.3131932214000221,18.128476304596198,-0.06160654172360858,-0.10119511505956884,0.3826173826173826
478,-0.5771174963572457,-9.327487133043288,-0.13742934202819923,-0.10119511505956884,0.3826173826173826
479,0.9064908073704552,14.711765434986447,-0.07246342828322228,-0.10119511505956884,0.3826173826173826
480,-0.2658440051109839,-4.473689850592633,-0.09811055088015963,-0.10119511505956884,0.3826173826173826
481,-0.09022004686990927,-2.122075902375542,-0.14617152755582985,-0.10119511505956884,0.3826173826173826
482,0.36632247809258695,7.041337602865982,-0.08406446342372276,-0.10119511505956884,0.3826173826173826
483,-1.6614868691043727,-24.77315171584521,-0.2588419614662215,-0.10119511505956884,0.3826173826173826
484,-0.2932859946120899,-5.578233497123097,-0.15067036248582388,-0.10119511505956884,0.3826173826173826
485,0.07503078605460864,0.553511188437561,-0.10536209960804532,-0.10119511505956884,0.3826173826173826
486,0.34190579461983844,4.641958244455013,-0.10819141795002607,-0.10119511505956884,0.3826173826173826
487,-0.6533529116603315,-9.709926299779003,-0.12454534822225527,-0.10119511505956884,0.3826173826173826
488,-0.6765000808382509,-8.752960261874065,-0.16463261496735804,-0.10119511505956884,0.3826173826173826
489,-0.8441748376977589,-13.061764142779797,-0.203199900318765,-0.10119511505956884,0.3826173826173826
490,-0.8766499626010352,-13.533675934499046,-0.1777204577240592,-0.10119511505956884,0.3826173826173826
491,0.12366227583572333,1.2250016424355081,-0.06924805730949057,-0.10119511505956884,0.3826173826173826
492,-0.11076222086895292,-1.694535925377172,-0.12082545979330761,-0.10119511505956884,0.3826173826173826
493,-0.06487492561350304,-1.5345467508543154,-0.16715693743607274,-0.10119511505956884,0.3826173826173826
494,-0.1285192385015195,-4.114367253502227,-0.1720489054217269,-0.10119511505956884,0.3826173826173826
495,0.10653374571892374,1.056310251062187,-0.11472036235577843,-0.10119511505956884,0.3826173826173826
496,-0.06645780338513925,-1.987256646790303,-0.07962509453060218,-0.10119511505956884,0.3826173826173826
497,-0.7909060183457024,-13.985713223611585,-0.2042182366174805,-0.10119511505956884,0.3826173826173826
498,-0.07967670167929115,-1.6579643364624697,-0.11477016710326537,-0.10119511505956884,0.3826173826173826
499,-0.9361963834696881,-14.558308201292059,-0.19945283369148903,-0.10119511505956884,0.3826173826173826
500,-0.22199717160351418,-3.948282869265385,-0.12012179040958515,-0.10119511505956884,0.3826173826173826
501,-1.1018100415427152,-18.58300231978024,-0.2229095087761115,-0.10119511505956884,0.3826173826173826
502,0.18097879498315453,2.776714627981147,-0.14470338174908925,-0.10119511505956884,0.3826173826173826
503,-0.4081798883419787,-5.435487478148893,-0.1677393442191234,-0.10119511505956884,0.3826173826173826
504,-0.7081046879673502,-10.834770814150174,-0.1888362546738952,-0.10119511505956884,0.3826173826173826
505,-0.0015222522989488756,-0.46899404207070283,-0.10418494698817904,-0.10119511505956884,0.3826173826173826
506,-0.02311314008115065,-1.1976843494149625,-0.11299175843029541,-0.10119511505956884,0.3826173826173826
507,-0.4613398316304295,-7.368604857208483,-0.11715818793222121,-0.10119511505956884,0.3826173826173826
508,0.027851878864103015,-0.2560695696573356,-0.10597707570933645,-0.10119511505956884,0.3826173826173826
509,-0.8298013616804355,-13.775358821658102,-0.2177233433148883,-0.10119511505956884,0.3826173826173826
510,-1.339940450855114,-18.52779333386927,-0.22141069829675453,-0.10119511505956884,0.3826173826173826
511,-0.3975103648184461,-6.619019266545578,-0.15386114529321615,-0.10119511505956884,0.3826173826173826
512,-2.8240769195252584,-40.38137659397606,-0.4203972433405597,-0.10119511505956884,0.3826173826173826
513,0.5989314533736343,7.201380310254635,-0.10774842760854808,-0.10119511505956884,0.3826173826173826
514,-0.06305951444352,-1.4050478538570998,-0.12199838186404233,-0.10119511505956884,0.3826173826173826
515,-1.1012965532858188,-15.53390968407019,-0.1652596263325874,-0.10119511505956884,0.3826173826173826
516,-0.14641934703144857,-3.0187537863747615,-0.12322520911209456,-0.10119511505956884,0.3826173826173826
517,-0.3982959532900676,-5.221157564449697,-0.13149306956909934,-0.10119511505956884,0.3826173826173826
518,0.2938242206730743,3.831216744141175,-0.08727139059078304,-0.10119511505956884,0.3826173826173826
519,-1.492141339735857,-23.729767596445928,-0.2845782860695759,-0.10119511505956884,0.3826173826173826
520,-0.2271139868831474,-3.6253122248919523,-0.11899238849339022,-0.10119511505956884,0.3826173826173826
521,0.12015071047052905,1.3192513943518502,-0.09162910841095606,-0.10119511505956884,0.3826173826173826
522,0.004684137680808425,-0.46840897789847125,-0.10735580669235578,-0.10119511505956884,0.3826173826173826
523,0.12512694222846746,1.3175372981296007,-0.08386035507141998,-0.10119511505956884,0.3826173826173826
524,-0.3790000219299043,-4.865539263981955,-0.17190172162162187,-0.10119511505956884,0.3826173826173826
525,0.3739126029956019,4.93039280642773,-0.07695648107054565,-0.10119511505956884,0.3826173826173826
526,-0.38511633269078066,-5.322580410592215,-0.16918886153857415,-0.10119511505956884,0.3826173826173826
527,-1.4749754542015954,-25.187813533334168,-0.27465796257894437,-0.10119511505956884,0.3826173826173826
528,-0.036256945984068145,-1.1665206291166075,-0.1433522913255032,-0.10119511505956884,0.3826173826173826
529,-0.3436417754593212,-5.924606822486334,-0.17389338963508527,-0.10119511505956884,0.3826173826173826
530,-0.2043067426496066,-5.058974947243245,-0.1759749709501507,-0.10119511505956884,0.3826173826173826
531,0.6305297204523687,8.18795290913954,-0.08004298985958591,-0.10119511505956884,0.3826173826173826
532,-0.8062486536249612,-14.413539234148143,-0.20366139328908484,-0.10119511505956884,0.3826173826173826
533,-0.4136704360311251,-6.925538779935836,-0.12582825571430856,-0.10119511505956884,0.3826173826173826
534,-0.9692932568569419,-22.586833918526484,-0.2948371722219425,-0.10119511505956884,0.3826173826173826
535,-1.5961629766224987,-29.161234766168874,-0.323171490561735,-0.10119511505956884,0.3826173826173826
536,-0.33770337780682175,-5.604043556313121,-0.14516790033239446,-0.10119511505956884,0.3826173826173826
537,-0.4226373146864418,-7.709522651076117,-0.14942529107281355,-0.10119511505956884,0.3826173826173826
538,-0.6176895644488195,-9.951958336429179,-0.23729881167873756,-0.10119511505956884,0.3826173826173826
539,-0.016449765975978716,-0.8797910452718716,-0.11543433011120052,-0.10119511505956884,0.3826173826173826
540,-0.9203943395054573,-14.038475792143634,-0.1770159523262469,-0.10119511505956884,0.3826173826173826
541,1.0682381122666427,16.0530381442493,-0.04452048096192662,-0.10119511505956884,0.3826173826173826
542,-0.7344712644679549,-11.585577125350389,-0.17603102223841327,-0.10119511505956884,0.3826173826173826
543,-1.5300157461761448,-23.11902192513241,-0.27814531145981325,-0.10119511505956884,0.3826173826173826
544,-0.7987962034669858,-10.50758483222064,-0.18650639519572998,-0.10119511505956884,0.3826173826173826
545,-0.24545163708048903,-4.485901026626959,-0.15524628325564915,-0.10119511505956884,0.3826173826173826
546,-1.1746958816401198,-17.05412105208627,-0.22389507653202234,-0.10119511505956884,0.3826173826173826
547,-0.1009205095180923,-2.4054265619675608,-0.14238268450376634,-0.10119511505956884,0.3826173826173826
548,0.33862207444811904,5.425023748267432,-0.11325387555258326,-0.10119511505956884,0.3826173826173826
549,-0.22767385719462535,-3.4714400180571814,-0.09725810793917966,-0.10119511505956884,0.3826173826173826
550,-1.3344169503714538,-23.507969471246092,-0.26624751122663703,-0.10119511505956884,0.3826173826173826
551,-1.5286332987999307,-24.584912521647706,-0.2930896852159268,-0.10119511505956884,0.3826173826173826
552,0.009067032921440099,-0.33441401999795284,-0.10568987886126802,-0.10119511505956884,0.3826173826173826
553,0.43766183026331756,6.570572346531001,-0.07016569946210227,-0.10119511505956884,0.3826173826173826
554,-0.4162412051686168,-7.951866155435983,-0.14882372291448498,-0.10119511505956884,0.3826173826173826
555,-1.1691454006982467,-18.981920119681973,-0.22265759623342452,-0.10119511505956884,0.3826173826173826
556,-0.2528045737988611,-4.233930733349589,-0.14068059668596067,-0.10119511505956884,0.3826173826173826
557,0.6462985240001763,10.217616414565489,-0.08112467701082149,-0.10119511505956884,0.3826173826173826
558,0.0677305606206043,0.42013348974272446,-0.12677539917218694,-0.10119511505956884,0.3826173826173826
559,-1.0999880551417354,-17.930683417488712,-0.19902724897286106,-0.10119511505956884,0.3826173826173826
560,0.051225593282267924,0.19432855551051453,-0.12195920461925469,-0.10119511505956884,0.3826173826173826
561,-1.0742708117427104,-20.372845991968703,-0.21593793213942825,-0.10119511505956884,0.3826173826173826
562,0.7061247108911417,8.037827753534831,-0.0935093549149476,-0.10119511505956884,0.3826173826173826
563,-0.6785895846705972,-13.167135889722559,-0.14959035270324106,-0.10119511505956884,0.3826173826173826
564,-0.011744558691656247,-0.7635125155650901,-0.12198851066195726,-0.10119511505956884,0.3826173826173826
565,-0.4220608836052473,-5.655784197347746,-0.12564343133339728,-0.10119511505956884,0.3826173826173826
566,-0.5264925134248007,-6.279749988408934,-0.09754465708861604,-0.10119511505956884,0.3826173826173826
567,-0.16799754490792584,-3.0990676117964577,-0.1507977650128305,-0.10119511505956884,0.3826173826173826
568,-1.661725865925223,-27.311860173821877,-0.3194434594114538,-0.10119511505956884,0.3826173826173826
569,0.2807962396189924,3.3950003068649703,-0.07003638534530277,-0.10119511505956884,0.3826173826173826
570,-2.456840839521614,-32.24081244266949,-0.3350212133759618,-0.10119511505956884,0.3826173826173826
571,0.0834924621780709,0.6750233963638941,-0.1254731617296131,-0.10119511505956884,0.3826173826173826
572,-0.19698539397985004,-2.817794520619521,-0.15953005301002632,-0.10119511505956884,0.3826173826173826
573,0.3485830146057812,4.793061383223995,-0.13778589332498503,-0.10119511505956884,0.3826173826173826
574,0.15714304940156565,1.6000215222063296,-0.08136000619045569,-0.10119511505956884,0.3826173826173826
575,-0.8606067727214171,-12.101624063471316,-0.16197453039352616,-0.10119511505956884,0.3826173826173826
576,-1.5243089086132728,-25.309600360956065,-0.2700857599592186,-0.10119511505956884,0.3826173826173826
577,-0.01121000632339895,-0.9849765573463398,-0.15926076602691497,-0.10119511505956884,0.3826173826173826
578,-0.34134439400083433,-5.8677400243390965,-0.14922585892702023,-0.10119511505956884,0.3826173826173826
579,-0.9365254399122183,-14.768603619003173,-0.16938401891886767,-0.10119511505956884,0.3826173826173826
580,-1.583194929399205,-20.631347489144936,-0.2372520855241308,-0.10119511505956884,0.3826173826173826
581,-0.276919163218596,-4.427301319890953,-0.14980144985277888,-0.10119511505956884,0.3826173826173826
582,-0.23867983850101127,-4.799849839382874,-0.20966071729536506,-0.10119511505956884,0.3826173826173826
583,-1.544417312627442,-21.8894848196725,-0.23899390532626696,-0.10119511505956884,0.3826173826173826
584,0.8722070150500911,13.883142896852663,-0.0773881774921944,-0.10119511505956884,0.3826173826173826
585,-0.48904578824073475,-9.572669167866666,-0.18733179511070908,-0.10119511505956884,0.3826173826173826
586,1.3646157239983296,23.665044669213486,-0.047794764600360695,-0.10119511505956884,0.3826173826173826
587,-0.7061130288896867,-9.829177719555936,-0.15625935620601827,-0.10119511505956884,0.3826173826173826
588,0.3355786677628515,3.537506994971351,-0.08348527291571983,-0.10119511505956884,0.3826173826173826
589,-0.7531650010326723,-9.327973108004183,-0.11789470086076637,-0.10119511505956884,0.3826173826173826
590,0.5149804627650737,7.393233666670107,-0.0688487378958017,-0.10119511505956884,0.3826173826173826
591,-0.6242957996557221,-8.946349211260463,-0.15011887949852332,-0.10119511505956884,0.3826173826173826
592,0.8612860923305797,10.79612072517051,-0.08361129217999674,-0.10119511505956884,0.3826173826173826
593,-0.6486164834691054,-7.987996167644729,-0.1324290023420528,-0.10119511505956884,0.3826173826173826
594,0.6783748658214604,10.916372727652046,-0.08971350860457528,-0.10119511505956884,0.3826173826173826
595,-0.7030946279615943,-10.598121941394146,-0.11445991965829538,-0.10119511505956884,0.3826173826173826
596,0.007850869460504898,-0.5492721847618287,-0.09165593936202154,-0.10119511505956884,0.3826173826173826
597,1.2393363165477358,14.771746374908323,-0.0580731283469309,-0.10119511505956884,0.3826173826173826
598,0.15817824708152733,2.087417099605693,-0.0957672084658483,-0.10119511505956884,0.3826173826173826
599,0.061794088126034125,0.3595810290477619,-0.13457992685002462,-0.10119511505956884,0.3826173826173826
600,-1.6280262191502386,-27.350625232174806,-0.29142655462838263,-0.10119511505956884,0.3826173826173826
601,-0.5180529203973512,-8.013887017864796,-0.16021827313973458,-0.10119511505956884,0.3826173826173826
602,-0.9272971421175682,-15.140436619404685,-0.17617140251744734,-0.10119511505956884,0.3826173826173826
603,0.4605890851412104,5.764480961339413,-0.07861252403531804,-0.10119511505956884,0.3826173826173826
604,-0.8575633436485525,-13.0575068464303,-0.15848213394431798,-0.10119511505956884,0.3826173826173826
605,-0.004889719472576796,-0.682769521773352,-0.13088641948310764,-0.10119511505956884,0.3826173826173826
606,-0.489081147214313,-9.33093584377952,-0.20120535379470317,-0.10119511505956884,0.3826173826173826
607,0.1555424518181002,2.1447351919423374,-0.19678622733583817,-0.10119511505956884,0.3826173826173826
608,-0.6352030372723703,-11.100648034273641,-0.18666180064110593,-0.10119511505956884,0.3826173826173826
609,-0.6015665724187595,-13.349049394175038,-0.23172690896338666,-0.10119511505956884,0.3826173826173826
610,-0.29408093924303563,-8.32307262867662,-0.1845511465641364,-0.10119511505956884,0.3826173826173826
611,0.4475611960940507,6.476224294842803,-0.08681247352458588,-0.10119511505956884,0.3826173826173826
612,1.2492315136520664,18.526176585395927,-0.06564254421620908,-0.10119511505956884,0.3826173826173826
613,-1.9871991920133396,-26.388951254120474,-0.2932040170563347,-0.10119511505956884,0.3826173826173826
614,-0.2640287202534447,-4.080728078939755,-0.10832253640372447,-0.10119511505956884,0.3826173826173826
615,0.39477204018900736,6.630410936445896,-0.13329602844359578,-0.10119511505956884,0.3826173826173826
616,-0.6954317008153467,-12.446717544738494,-0.19766510185374797,-0.10119511505956884,0.3826173826173826
617,-0.7066926628411506,-11.082760679842396,-0.1945048521719145,-0.10119511505956884,0.3826173826173826
618,-0.513109563596248,-8.397681152377533,-0.16996274458441285,-0.10119511505956884,0.3826173826173826
619,-2.187312086653947,-32.70301510500262,-0.337412641644372,-0.10119511505956884,0.3826173826173826
620,-1.3278497704742658,-20.502140705681484,-0.23256143211190816,-0.10119511505956884,0.3826173826173826
621,1.056774117256119,14.148253485350892,-0.08849127249464839,-0.10119511505956884,0.3826173826173826
622,0.49387558007903215,6.691460338491151,-0.1254402074443065,-0.10119511505956884,0.3826173826173826
623,-0.17360123804624977,-2.6147273245504254,-0.114525987843066,-0.10119511505956884,0.3826173826173826
624,0.28868505574902237,4.02805802319357,-0.10652040357465242,-0.10119511505956884,0.3826173826173826
625,0.07348148182996529,0.5316450773672932,-0.10573883391302508,-0.10119511505956884,0.3826173826173826
626,-0.3237714954779252,-6.2171213285959865,-0.10836917819582637,-0.10119511505956884,0.3826173826173826
627,-0.4725245110656139,-8.068840788789656,-0.12789012097946195,-0.10119511505956884,0.3826173826173826
628,-0.26478115061893054,-3.5066531398729284,-0.08116218761973548,-0.10119511505956884,0.3826173826173826
629,0.19029172897552313,2.219416802860774,-0.09615908767327785,-0.10119511505956884,0.3826173826173826
630,-0.3162071882999059,-5.188163648243604,-0.16702540479896466,-0.10119511505956884,0.3826173826173826
631,-1.3743392988750307,-20.062311414491095,-0.22498776972494072,-0.10119511505956884,0.3826173826173826
632,-0.9928172973915976,-17.192215614428218,-0.19972722829374867,-0.10119511505956884,0.3826173826173826
633,-0.2608871979083021,-4.177828365625247,-0.15107976230920073,-0.10119511505956884,0.3826173826173826
634,-0.015500476686954824,-0.787126885245848,-0.10304059961821588,-0.10119511505956884,0.3826173826173826
635,-0.2671688761082672,-5.278921445270157,-0.18331363998192085,-0.10119511505956884,0.3826173826173826
636,-0.47887572888349045,-8.83026195752431,-0.13608431660235631,-0.10119511505956884,0.3826173826173826
637,-0.08421491186322826,-2.1527982435559756,-0.11360356885605438,-0.10119511505956884,0.3826173826173826
638,-1.0128867660092684,-19.702738653936358,-0.23649849173751747,-0.10119511505956884,0.3826173826173826
639,-1.0341831224258242,-14.69985083592663,-0.19256781275284918,-0.10119511505956884,0.3826173826173826
640,-0.8817949371783699,-11.843219580312503,-0.1573638265594729,-0.10119511505956884,0.3826173826173826
641,-0.1689720302793463,-3.914759518713762,-0.12180684234908956,-0.10119511505956884,0.3826173826173826
642,-0.4686877038706045,-6.399104786322074,-0.1062463686184727,-0.10119511505956884,0.3826173826173826
643,-0.49421214066507646,-7.870177592675609,-0.15889971088940125,-0.10119511505956884,0.3826173826173826
644,-0.8804968826403491,-12.654500077842624,-0.16502553722288282,-0.10119511505956884,0.3826173826173826
645,-0.23566659296439235,-3.1668971104201082,-0.08199750567242248,-0.10119511505956884,0.3826173826173826
646,-0.021251493237348526,-0.8655232986645722,-0.14308376398583234,-0.10119511505956884,0.3826173826173826
647,-0.8252716285446645,-13.019314425367778,-0.15526226658505926,-0.10119511505956884,0.3826173826173826
648,-0.44456346363990445,-5.674614790849608,-0.11822071694364555,-0.10119511505956884,0.3826173826173826
649,-1.4832276204300625,-23.14803991231187,-0.2599106177141497,-0.10119511505956884,0.3826173826173826
650,0.8994650131182698,14.492056407271026,-0.06470582856955265,-0.10119511505956884,0.3826173826173826
651,0.02737647545601329,-0.18502567776240708,-0.1312485563727811,-0.10119511505956884,0.3826173826173826
652,0.4303197270741001,5.414833267260555,-0.07473078615916706,-0.10119511505956884,0.3826173826173826
653,-0.5309300149028494,-8.497676291087842,-0.14084577193893866,-0.10119511505956884,0.3826173826173826
654,0.28131084677304885,3.840572435249423,-0.18646209893289234,-0.10119511505956884,0.3826173826173826
655,-0.3261611434589181,-4.3352627642055275,-0.11274423579268544,-0.10119511505956884,0.3826173826173826
656,-0.8501499795746325,-11.322840492893771,-0.14477070462814245,-0.10119511505956884,0.3826173826173826
657,-1.4634497390610042,-25.68968920547814,-0.30036467595155947,-0.10119511505956884,0.3826173826173826
658,-0.5167221607421284,-8.283114462263496,-0.214482161795846,-0.10119511505956884,0.3826173826173826
659,-0.678235793204836,-13.203452699785467,-0.17198033325598383,-0.10119511505956884,0.3826173826173826
660,0.37634396413785903,4.334027148989983,-0.07139140729917826,-0.10119511505956884,0.3826173826173826
661,-0.9269031061951701,-13.48545335091752,-0.18161306430748492,-0.10119511505956884,0.3826173826173826
662,-0.18874891899547513,-3.470124670148067,-0.14503574130452657,-0.10119511505956884,0.3826173826173826
663,0.9163055494880187,18.160337910360113,-0.08322715590371887,-0.10119511505956884,0.3826173826173826
664,-1.2060534814972024,-20.4539019694036,-0.2851069023342998,-0.10119511505956884,0.3826173826173826
665,0.37501715939382935,4.688648550687957,-0.08346934611859702,-0.10119511505956884,0.3826173826173826
666,0.5679488175009952,9.224215233011645,-0.11202555066212005,-0.10119511505956884,0.3826173826173826
667,-0.8141314899707534,-12.571360339163352,-0.16969547327974777,-0.10119511505956884,0.3826173826173826
668,0.613657102137149,9.447757008169999,-0.14433009819900855,-0.10119511505956884,0.3826173826173826
669,-0.5233030075977972,-8.746572492412941,-0.16292973491420537,-0.10119511505956884,0.3826173826173826
670,-0.8962169911693801,-15.233351337912705,-0.18369384247963005,-0.10119511505956884,0.3826173826173826
671,-1.808395550003685,-34.83224575288582,-0.3572957903951538,-0.10119511505956884,0.3826173826173826
672,-0.3572844769919309,-6.533784869937465,-0.14937724632114757,-0.10119511505956884,0.3826173826173826
673,0.9934693543131177,15.647633298336515,-0.08983055017855979,-0.10119511505956884,0.3826173826173826
674,0.1702870174907441,2.1907916004574757,-0.09803325456166911,-0.10119511505956884,0.3826173826173826
675,-0.5357554792146796,-8.794327719110118,-0.2172642538091174,-0.10119511505956884,0.3826173826173826
676,-0.6621979480826947,-11.159511484989126,-0.21866069173128877,-0.10119511505956884,0.3826173826173826
677,-0.4381073954432032,-5.870168360550321,-0.11617843302100761,-0.10119511505956884,0.3826173826173826
678,-1.8451146353883945,-26.31642001530232,-0.27649298801658806,-0.10119511505956884,0.3826173826173826
679,-0.5283883529396708,-9.091986526154672,-0.10778005475212638,-0.10119511505956884,0.3826173826173826
680,-1.0910367040777504,-20.731764803380905,-0.24765483082167572,-0.10119511505956884,0.3826173826173826
681,-0.6775087626785233,-12.468756927214509,-0.19007126350717518,-0.10119511505956884,0.3826173826173826
682,-0.7629150829449269,-12.878118651915049,-0.18846668006513057,-0.10119511505956884,0.3826173826173826
683,-1.5393309314790324,-21.577726215371516,-0.2281062644679296,-0.10119511505956884,0.3826173826173826
684,-0.3689633006083779,-6.484687722696525,-0.09359140084962625,-0.10119511505956884,0.3826173826173826
685,-2.727584412983974,-40.221537046888876,-0.4451385904508405,-0.10119511505956884,0.3826173826173826
686,-0.6894663374630395,-12.758496084119397,-0.16503838658345082,-0.10119511505956884,0.3826173826173826
687,-0.247316217983972,-5.232780286792327,-0.14922047631486812,-0.10119511505956884,0.3826173826173826
688,-1.9175186884182887,-34.054428875019525,-0.3764448296671591,-0.10119511505956884,0.3826173826173826
689,0.07276552301203089,0.5048356215563654,-0.09294166649741753,-0.10119511505956884,0.3826173826173826
690,-1.8270326720544132,-26.631672259960983,-0.27796435303654166,-0.10119511505956884,0.3826173826173826
691,0.026564554118696064,-0.11950057846105144,-0.12109427446322019,-0.10119511505956884,0.3826173826173826
692,-1.6882126102445323,-27.258911320760138,-0.30636892145176386,-0.10119511505956884,0.3826173826173826
693,-1.7019599320790788,-24.427358982473113,-0.28331216401095605,-0.10119511505956884,0.3826173826173826
694,-0.13028016392521546,-2.5666904780407673,-0.1576482077390654,-0.10119511505956884,0.3826173826173826
695,-1.219155659556432,-18.359017297850457,-0.23040990626572488,-0.10119511505956884,0.3826173826173826
696,-0.4374951831234051,-7.296034273209551,-0.13096032911860056,-0.10119511505956884,0.3826173826173826
697,0.126251525224884,1.393626215719479,-0.08449435374902092,-0.10119511505956884,0.3826173826173826
698,-0.6970588374052563,-11.971606175155014,-0.1901651341570525,-0.10119511505956884,0.3826173826173826
699,-0.19502399573406948,-3.7944073932595357,-0.09147319176283242,-0.10119511505956884,0.3826173826173826
700,-0.6082046989214763,-8.716249422786715,-0.13071361792424363,-0.10119511505956884,0.3826173826173826
701,-2.259194508862165,-34.368357123741724,-0.3848194415128935,-0.10119511505956884,0.3826173826173826
702,0.07645077954442614,0.5804258626564307,-0.1151652969872502,-0.10119511505956884,0.3826173826173826
703,-0.4266149229810938,-5.652274783501266,-0.13024008428050138,-0.10119511505956884,0.3826173826173826
704,-0.5144862388633857,-9.426708849535226,-0.17454009897545342,-0.10119511505956884,0.3826173826173826
705,-0.5391810813310836,-8.733925542738874,-0.1390369664031026,-0.10119511505956884,0.3826173826173826
706,-0.5915866597668841,-9.743059062038173,-0.15639707732588726,-0.10119511505956884,0.3826173826173826
707,-0.7127793773219868,-10.938053933637516,-0.13810544364466926,-0.10119511505956884,0.3826173826173826
708,-0.5118339485123009,-9.449208562243527,-0.1271680649107887,-0.10119511505956884,0.3826173826173826
709,0.030908193331940458,-0.07300957075007108,-0.12000870590770829,-0.10119511505956884,0.3826173826173826
710,-0.5337182091319513,-10.069997255866891,-0.19876804021911076,-0.10119511505956884,0.3826173826173826
711,-1.439121629068437,-23.338311427591798,-0.2549082429810484,-0.10119511505956884,0.3826173826173826
712,-0.9365838517442401,-12.400114163653942,-0.1828760130287027,-0.10119511505956884,0.3826173826173826
713,0.28738571443615757,4.608364476537474,-0.12977256882225463,-0.10119511505956884,0.3826173826173826
714,0.22934960078712363,3.163376246032179,-0.09662508171497441,-0.10119511505956884,0.3826173826173826
715,0.28111041970296763,3.9014624381462193,-0.1238428743676091,-0.10119511505956884,0.3826173826173826
716,-1.963883799412043,-26.706115192329438,-0.28667747962428014,-0.10119511505956884,0.3826173826173826
717,-1.4173658927608295,-22.242167016622993,-0.23993619745504802,-0.10119511505956884,0.3826173826173826
718,0.6160857438515367,8.259094820438918,-0.08913965075505392,-0.10119511505956884,0.3826173826173826
719,-1.2667648337355903,-19.628804036480872,-0.225891089544899,-0.10119511505956884,0.3826173826173826
720,-0.8536846967938858,-14.390003046793131,-0.16096155664770606,-0.10119511505956884,0.3826173826173826
721,-0.1920837453981911,-3.928918039290308,-0.16404448125209103,-0.10119511505956884,0.3826173826173826
722,-1.5689764562065183,-26.866688023508434,-0.2989949096596002,-0.10119511505956884,0.3826173826173826
723,-0.676084386201437,-12.633835806098704,-0.160384336540493,-0.10119511505956884,0.3826173826173826
724,-0.13385574096910072,-2.7645101137182992,-0.1151290528408836,-0.10119511505956884,0.3826173826173826
725,-0.35621212187864615,-4.448975658460808,-0.11431696750335418,-0.10119511505956884,0.3826173826173826
726,-0.4489341667720887,-7.6189586329964865,-0.14896975472415264,-0.10119511505956884,0.3826173826173826
727,-0.8698580985099786,-14.184077125000572,-0.228254717978832,-0.10119511505956884,0.3826173826173826
728,-0.30966662133498973,-4.68425626140021,-0.11475234173337179,-0.10119511505956884,0.3826173826173826
729,0.6221961940994921,8.673054456128604,-0.10451147290372365,-0.10119511505956884,0.3826173826173826
730,0.456288661859129,5.91366859165503,-0.08381698456013509,-0.10119511505956884,0.3826173826173826
731,-0.6165398354209511,-9.039005477566475,-0.15674130250102025,-0.10119511505956884,0.3826173826173826
732,0.5421773132767979,8.585119519576324,-0.08123360870220087,-0.10119511505956884,0.3826173826173826
733,-0.7656795328682272,-13.76815602349063,-0.2755099286902648,-0.10119511505956884,0.3826173826173826
734,-2.052720389177947,-31.425594563862035,-0.3259866863674856,-0.10119511505956884,0.3826173826173826
735,0.5617822698519116,7.77517206628231,-0.08154169451043236,-0.10119511505956884,0.3826173826173826
736,-0.230836936531623,-6.005888751818144,-0.21798752882638173,-0.10119511505956884,0.3826173826173826
737,-0.5200880243707999,-8.532150853740516,-0.14300451177281226,-0.10119511505956884,0.3826173826173826
738,-0.6504464023976402,-10.562259878275437,-0.2162416733481639,-0.10119511505956884,0.3826173826173826
739,-0.20923169086710272,-3.2550268882740263,-0.12850918051291949,-0.10119511505956884,0.3826173826173826
740,-0.36966499122139423,-6.502812245231215,-0.10880911462277087,-0.10119511505956884,0.3826173826173826
741,-0.5468033964843303,-8.851382901998871,-0.17210610568051643,-0.10119511505956884,0.3826173826173826
742,-0.6004071215428719,-9.836357633026205,-0.14703195759205534,-0.10119511505956884,0.3826173826173826
743,-0.5261978426580599,-8.592688183061814,-0.1504944395969634,-0.10119511505956884,0.3826173826173826
744,0.8761348416057096,12.72176994609151,-0.057958668866848306,-0.10119511505956884,0.3826173826173826
745,0.04459284636618335,0.021955393234707188,-0.10646416189614938,-0.10119511505956884,0.3826173826173826
746,0.2793956454229536,3.739977515565962,-0.07849458414301969,-0.10119511505956884,0.3826173826173826
747,0.11810687694208696,1.2699439035405158,-0.14525685049824788,-0.10119511505956884,0.3826173826173826
748,-0.8107061030656655,-10.992777219938066,-0.1612522540616539,-0.10119511505956884,0.3826173826173826
749,-0.874269337678149,-12.586236167552755,-0.175729051520489,-0.10119511505956884,0.3826173826173826
750,-0.06382609940926917,-1.2853468289909853,-0.12989173519418074,-0.10119511505956884,0.3826173826173826
751,0.13851164236191754,1.428630080971205,-0.1333149338201527,-0.10119511505956884,0.3826173826173826
752,0.11685535530224637,1.1885134200940284,-0.10651962878297527,-0.10119511505956884,0.3826173826173826
753,0.2240031618544745,2.896830204454681,-0.12363927834709454,-0.10119511505956884,0.3826173826173826
754,-0.9297479838454196,-11.09488513723873,-0.18340840373323297,-0.10119511505956884,0.3826173826173826
755,0.6422843643129924,11.977316194587463,-0.1040833924216652,-0.10119511505956884,0.3826173826173826
756,0.31044906246513987,3.9999397404175685,-0.0975399963725857,-0.10119511505956884,0.3826173826173826
757,-1.3842245412910725,-19.33687045913214,-0.22323957849612253,-0.10119511505956884,0.3826173826173826
758,-0.9318023131751014,-13.542602771795742,-0.15979844473633498,-0.10119511505956884,0.3826173826173826
759,-0.7756994580404939,-10.98644569075603,-0.23426708053228207,-0.10119511505956884,0.3826173826173826
760,-1.0801541094330793,-13.94376083930674,-0.19781839567340997,-0.10119511505956884,0.3826173826173826
761,-0.8756194061565722,-13.677953025314327,-0.2289378454955232,-0.10119511505956884,0.3826173826173826
762,-0.37841084275021747,-6.424744768490587,-0.11932924848705517,-0.10119511505956884,0.3826173826173826
763,0.29457262445373933,4.878218508829013,-0.09069298485876554,-0.10119511505956884,0.3826173826173826
764,-1.1347293598186627,-15.528025160509628,-0.17577044019925492,-0.10119511505956884,0.3826173826173826
765,-1.082991305711289,-21.24838421233488,-0.23380042817950553,-0.10119511505956884,0.3826173826173826
766,0.7043718977370563,15.584252659895427,-0.10096073739101263,-0.10119511505956884,0.3826173826173826
767,0.42831757271005266,5.8065266565570095,-0.08827256067428713,-0.10119511505956884,0.3826173826173826
768,0.2466903849035761,3.5845395441342465,-0.10634324945418339,-0.10119511505956884,0.3826173826173826
769,0.40794115877490544,5.9323922642529725,-0.06950686429592201,-0.10119511505956884,0.3826173826173826
770,0.2816962560668803,4.968062641426374,-0.1730260713303281,-0.10119511505956884,0.3826173826173826
771,1.2288082304849046,16.635334937513857,-0.0589584195605235,-0.10119511505956884,0.3826173826173826
772,-0.26481643287007917,-4.118429753646091,-0.10617897338751736,-0.10119511505956884,0.3826173826173826
773,0.7951247140746085,18.49141114757529,-0.056542329421801485,-0.10119511505956884,0.3826173826173826
774,-0.5230480095566746,-9.616806207813555,-0.22138574643415965,-0.10119511505956884,0.3826173826173826
775,-0.39430612333061676,-9.320246076138483,-0.21205590540565367,-0.10119511505956884,0.3826173826173826
776,-2.074950148318867,-28.741077855031747,-0.2988855976092497,-0.10119511505956884,0.3826173826173826
777,-0.5991000114478691,-8.437195214523252,-0.17546310014103517,-0.10119511505956884,0.3826173826173826
778,-1.533467376689817,-22.972084037566333,-0.28708781507253867,-0.10119511505956884,0.3826173826173826
779,-0.25331567423026513,-5.48733231501366,-0.13915905190768385,-0.10119511505956884,0.3826173826173826
780,-0.823003204801563,-11.949664839645301,-0.12555689138936876,-0.10119511505956884,0.3826173826173826
781,0.4683225591899301,6.881165691530211,-0.11267439734316098,-0.10119511505956884,0.3826173826173826
782,0.39593886326659916,5.863736418107868,-0.0858587640246562,-0.10119511505956884,0.3826173826173826
783,-0.876631709364805,-13.220024493369543,-0.19059517938509152,-0.10119511505956884,0.3826173826173826
784,-0.44092761675915404,-7.375122590784445,-0.19241084076706327,-0.10119511505956884,0.3826173826173826
785,-0.8998383628251249,-13.8748179726218,-0.14835180478170373,-0.10119511505956884,0.3826173826173826
786,-1.4204735620318243,-21.4940073594842,-0.24228915800052853,-0.10119511505956884,0.3826173826173826
787,-0.45140001825416887,-7.762350484315538,-0.105961789263466,-0.10119511505956884,0.3826173826173826
788,0.13220721870315671,1.4664125953688822,-0.11220640264788428,-0.10119511505956884,0.3826173826173826
789,0.3853218588442758,6.565190448518554,-0.10405282888607714,-0.10119511505956884,0.3826173826173826
790,-0.5251373717694278,-8.994874729051949,-0.1568697999022315,-0.10119511505956884,0.3826173826173826
791,-0.22658629366318317,-3.768954293923632,-0.09889859595087824,-0.10119511505956884,0.3826173826173826
792,-0.962821317192639,-14.586486088674588,-0.20230608052558607,-0.10119511505956884,0.3826173826173826
793,0.8033760596129887,12.753566483802814,-0.10002958291933972,-0.10119511505956884,0.3826173826173826
794,-1.6072957811187774,-27.94638991341637,-0.3428149520926891,-0.10119511505956884,0.3826173826173826
795,-0.046303774380411375,-1.5495625679807556,-0.14953192194479514,-0.10119511505956884,0.3826173826173826
796,0.1565889746634609,1.903116309651609,-0.12798970252927433,-0.10119511505956884,0.3826173826173826
797,-0.3429994589859825,-5.038833509160156,-0.14282226457619696,-0.10119511505956884,0.3826173826173826
798,-1.3429422906927397,-20.464596000663082,-0.24099598186650428,-0.10119511505956884,0.3826173826173826
799,0.6285704770845134,11.259273384535962,-0.13326200166047142,-0.10119511505956884,0.3826173826173826
800,-1.2290917459664947,-21.663358722951287,-0.22877206405748118,-0.10119511505956884,0.3826173826173826
801,-0.48589923810726926,-10.821747932598559,-0.2266910950254981,-0.10119511505956884,0.3826173826173826
802,-0.47420795701899177,-7.8073069859176165,-0.20807877003013986,-0.10119511505956884,0.3826173826173826
803,-0.30744574175810707,-4.832450396654053,-0.11554887576794626,-0.10119511505956884,0.3826173826173826
804,-0.8350855453933571,-13.359816707100759,-0.17139244900169948,-0.10119511505956884,0.3826173826173826
805,0.15816323550057917,1.8795658862425624,-0.1256088484249931,-0.10119511505956884,0.3826173826173826
806,0.011192667004187203,-0.41887259977020364,-0.1329923794470692,-0.10119511505956884,0.3826173826173826
807,-0.06703155763718538,-1.8466691726986562,-0.1504117005834006,-0.10119511505956884,0.3826173826173826
808,0.36820539427306664,5.006736758358121,-0.10541174090103567,-0.10119511505956884,0.3826173826173826
809,-1.6898680514326339,-23.1774335157511,-0.2542845375553232,-0.10119511505956884,0.3826173826173826
810,1.4760108912311993,21.97789098801244,-0.051005678244946506,-0.10119511505956884,0.3826173826173826
811,0.6759395115197617,14.915874650608774,-0.11031456790958682,-0.10119511505956884,0.3826173826173826
812,-0.688716323307786,-15.200544294777263,-0.1715622741763867,-0.10119511505956884,0.3826173826173826
813,-0.13517178187538806,-2.607793458215124,-0.08811748980680278,-0.10119511505956884,0.3826173826173826
814,-0.527703854803111,-9.622096248531875,-0.13209334312605892,-0.10119511505956884,0.3826173826173826
815,1.0058266209637992,14.09124006445861,-0.08537883807039015,-0.10119511505956884,0.3826173826173826
816,-2.072420579914927,-35.862286952309056,-0.376323484816517,-0.10119511505956884,0.3826173826173826
817,-1.7559373908941527,-25.91862220799608,-0.28277719864457806,-0.10119511505956884,0.3826173826173826
818,-0.5886387981287332,-11.228697211222283,-0.17072534446875942,-0.10119511505956884,0.3826173826173826
819,0.0064190611698122305,-0.39435179479428983,-0.08485180286030092,-0.10119511505956884,0.3826173826173826
820,-0.24400561212461658,-7.261291947583304,-0.18917327286003072,-0.10119511505956884,0.3826173826173826
821,-0.9629388070244103,-16.649844540425505,-0.23975628167145657,-0.10119511505956884,0.3826173826173826
822,-1.0751423514033898,-16.736893510936902,-0.20961947839174244,-0.10119511505956884,0.3826173826173826
823,-0.44662894578081114,-6.439224395316723,-0.12449321102607769,-0.10119511505956884,0.3826173826173826
824,0.05903801483359843,0.3256016508037751,-0.10626107039078114,-0.10119511505956884,0.3826173826173826
825,0.9599681537766777,14.063441573139922,-0.07000675841191006,-0.10119511505956884,0.3826173826173826
826,-0.9930300891420056,-20.652981825238147,-0.24629112305941459,-0.10119511505956884,0.3826173826173826
827,-1.3619673896516107,-19.55247372551735,-0.24813154341728028,-0.10119511505956884,0.3826173826173826
828,0.3842626011356249,5.526384145213248,-0.10322940018332238,-0.10119511505956884,0.3826173826173826
829,-0.5574397914022156,-8.45899853047991,-0.13166565732730984,-0.10119511505956884,0.3826173826173826
830,-1.6865247466735622,-23.61034773389461,-0.250098410169868,-0.10119511505956884,0.3826173826173826
831,-1.2805177257352043,-25.166874572194565,-0.2626245976815884,-0.10119511505956884,0.3826173826173826
832,-0.09819259690061947,-1.927968346884501,-0.09638107474991131,-0.10119511505956884,0.3826173826173826
833,-0.6083393623702,-10.266616142758355,-0.16189455595077007,-0.10119511505956884,0.3826173826173826
834,0.0625871103287915,0.32059605042407124,-0.11301962981665048,-0.10119511505956884,0.3826173826173826
835,-0.3251684812210191,-4.628259064809459,-0.13185722001055156,-0.10119511505956884,0.3826173826173826
836,-0.6239191801382763,-12.083491361728449,-0.17782535105855413,-0.10119511505956884,0.3826173826173826
837,-1.1679582077875101,-16.275623023138365,-0.18150301255923118,-0.10119511505956884,0.3826173826173826
838,0.15499357015627568,1.9274794551580543,-0.14667406203751976,-0.10119511505956884,0.3826173826173826
839,0.1982319887950201,2.090614944476643,-0.06022686503314978,-0.10119511505956884,0.3826173826173826
840,0.1296152535925164,1.2297051526498404,-0.11094624362195604,-0.10119511505956884,0.3826173826173826
841,0.1804141739358732,2.162321216092744,-0.1017709166045252,-0.10119511505956884,0.3826173826173826
842,-0.12065902685196389,-2.9180565649543633,-0.14324555786111537,-0.10119511505956884,0.3826173826173826
843,-0.32040744670247034,-6.194422546574552,-0.1758225978048107,-0.10119511505956884,0.3826173826173826
844,0.4452162789027345,6.569506902731015,-0.0928956661272674,-0.10119511505956884,0.3826173826173826
845,-0.4048988270297017,-5.955166884273733,-0.09220181472913058,-0.10119511505956884,0.3826173826173826
846,-0.7736329630668838,-13.494528972873033,-0.16775604870802863,-0.10119511505956884,0.3826173826173826
847,-0.5647752369331279,-8.702619253777243,-0.1803319864694226,-0.10119511505956884,0.3826173826173826
848,0.8426222327883032,13.174199643549912,-0.07989095750090003,-0.10119511505956884,0.3826173826173826
849,0.7249108779128963,9.704599422096006,-0.085663785814867,-0.10119511505956884,0.3826173826173826
850,0.44290611993268064,5.477771778560414,-0.06339253319854543,-0.10119511505956884,0.3826173826173826
851,0.8321201688203653,14.500202723414656,-0.07745247651247211,-0.10119511505956884,0.3826173826173826
852,-0.23108100966243122,-4.4967756370392635,-0.11629307048975313,-0.10119511505956884,0.3826173826173826
853,-1.073365391703003,-21.9095878265852,-0.2593341805705296,-0.10119511505956884,0.3826173826173826
854,0.1711703504466759,2.1320107694750234,-0.10192128923923505,-0.10119511505956884,0.3826173826173826
855,-1.742923341628978,-25.104779008579147,-0.26823568647583085,-0.10119511505956884,0.3826173826173826
856,-1.2438673939229334,-16.692530548979523,-0.19670479178325606,-0.10119511505956884,0.3826173826173826
857,-1.0520493069299874,-20.336564641926646,-0.2747194654616947,-0.10119511505956884,0.3826173826173826
858,-0.3368339698848366,-4.946623505742986,-0.1048930957782912,-0.10119511505956884,0.3826173826173826
859,-0.08251039532115474,-1.6188062307838869,-0.10932535864615678,-0.10119511505956884,0.3826173826173826
860,-1.056312623364271,-19.114874540587724,-0.2234134279576231,-0.10119511505956884,0.3826173826173826
861,-0.9830767976893878,-15.105600067657177,-0.18380734248129527,-0.10119511505956884,0.3826173826173826
862,-0.1505872808590493,-4.427579603133491,-0.13181512870916046,-0.10119511505956884,0.3826173826173826
863,-0.7764707777807475,-13.101991610901697,-0.13997864393832382,-0.10119511505956884,0.3826173826173826
864,-0.9716368286335246,-15.984998992169663,-0.19713706099670203,-0.10119511505956884,0.3826173826173826
865,0.4634293580719524,6.259041581622249,-0.07875372640071321,-0.10119511505956884,0.3826173826173826
866,-0.9580567248043813,-16.163922148332798,-0.2259208891889103,-0.10119511505956884,0.3826173826173826
867,-0.3867686284312916,-6.9873580732828895,-0.17876905114290087,-0.10119511505956884,0.3826173826173826
868,0.7652834999788479,8.947238586369322,-0.07691171596989876,-0.10119511505956884,0.3826173826173826
869,-1.434665696686935,-22.005960435157444,-0.2208690321862835,-0.10119511505956884,0.3826173826173826
870,-1.6035667510167255,-24.50833129786708,-0.26359882675645896,-0.10119511505956884,0.3826173826173826
871,-0.7590682303406127,-11.195082976929537,-0.15649380965715842,-0.10119511505956884,0.3826173826173826
872,-0.40948294686718756,-6.62545114700217,-0.12938500128859343,-0.10119511505956884,0.3826173826173826
873,-0.019830586812243867,-0.7345616172185876,-0.12220695588506236,-0.10119511505956884,0.3826173826173826
874,-0.32928860169003915,-4.896750696122654,-0.10802476759209168,-0.10119511505956884,0.3826173826173826
875,-1.4444815385062724,-22.648881716184565,-0.27681338874594374,-0.10119511505956884,0.3826173826173826
876,-1.4764024869821533,-23.071976707076992,-0.2532491502698264,-0.10119511505956884,0.3826173826173826
877,0.45229114059000364,7.614888931490538,-0.0787740168065364,-0.10119511505956884,0.3826173826173826
878,0.6537203683099608,10.301333720608174,-0.07585479386683214,-0.10119511505956884,0.3826173826173826
879,-0.29173469285264053,-4.577137069805559,-0.14565821360410358,-0.10119511505956884,0.3826173826173826
880,0.5254503353571429,8.707701915068666,-0.08448265417982204,-0.10119511505956884,0.3826173826173826
881,-1.1179665828589658,-19.351005677636014,-0.21535759849187452,-0.10119511505956884,0.3826173826173826
882,0.8436273709639429,10.981237233720309,-0.0814722350664615,-0.10119511505956884,0.3826173826173826
883,-0.4188821786572548,-7.037165115607936,-0.13657021490642185,-0.10119511505956884,0.3826173826173826
884,-0.3218279536304743,-6.760916172864695,-0.19230111921948556,-0.10119511505956884,0.3826173826173826
885,-0.5866666204611385,-8.763911813189774,-0.13739721552408302,-0.10119511505956884,0.3826173826173826
886,0.2809933592839692,3.727943023693059,-0.09935102518062922,-0.10119511505956884,0.3826173826173826
887,-0.65530332506823,-14.675291938680857,-0.21471478868405325,-0.10119511505956884,0.3826173826173826
888,-1.0747485413946563,-13.008263924509833,-0.17236206043005353,-0.10119511505956884,0.3826173826173826
889,-1.193658224918232,-18.727448104704248,-0.21684070276061762,-0.10119511505956884,0.3826173826173826
890,0.21249609838004385,2.753490369264422,-0.09995796644910937,-0.10119511505956884,0.3826173826173826
891,-0.5139785219566232,-7.773774074485229,-0.1852921430386778,-0.10119511505956884,0.3826173826173826
892,0.6332152943076819,9.88454321019221,-0.0779340810616107,-0.10119511505956884,0.3826173826173826
893,0.42435949601585743,5.516032968617113,-0.07438112841195099,-0.10119511505956884,0.3826173826173826
894,-1.026684618710405,-16.968576527480582,-0.19026984365634503,-0.10119511505956884,0.3826173826173826
895,-1.3810215458653128,-19.903000172422203,-0.21144436390318222,-0.10119511505956884,0.3826173826173826
896,-0.40819890107280726,-6.089829098102184,-0.11948547376979035,-0.10119511505956884,0.3826173826173826
897,0.5357751251867883,6.884261584132867,-0.06960666479770439,-0.10119511505956884,0.3826173826173826
898,-0.38997995854462286,-6.145768012609665,-0.12349156388382598,-0.10119511505956884,0.3826173826173826
899,0.4495944817895871,6.085016690554101,-0.06461537071723189,-0.10119511505956884,0.3826173826173826
900,-2.0381004824226294,-32.29852202033627,-0.36137545714416,-0.10119511505956884,0.3826173826173826
901,0.38939469304597424,5.65743942538719,-0.08173556926907855,-0.10119511505956884,0.3826173826173826
902,-0.5222153730342625,-9.010152881222588,-0.1728254262859893,-0.10119511505956884,0.3826173826173826
903,0.026726108178036105,-0.12401278106004554,-0.1451230485015027,-0.10119511505956884,0.3826173826173826
904,0.18141150481170615,2.392915438386356,-0.10799456601527524,-0.10119511505956884,0.3826173826173826
905,-1.7307081987560564,-28.62833349510624,-0.31288471673915996,-0.10119511505956884,0.3826173826173826
906,-1.100155478722243,-20.53926804342637,-0.2151475673436447,-0.10119511505956884,0.3826173826173826
907,-1.3688895654670796,-25.94431248838005,-0.2612197844744426,-0.10119511505956884,0.3826173826173826
908,-0.2180395440486708,-4.799455886208303,-0.11056832539517336,-0.10119511505956884,0.3826173826173826
909,0.021631703793013976,-0.4661617724488698,-0.11814712774198721,-0.10119511505956884,0.3826173826173826
910,1.5498978669127403,28.446160956833566,-0.05152161049501369,-0.10119511505956884,0.3826173826173826
911,-0.3877871950908792,-5.427148513489588,-0.11283376639151177,-0.10119511505956884,0.3826173826173826
912,-0.726877299258489,-10.579984065768876,-0.1419078472797458,-0.10119511505956884,0.3826173826173826
913,0.19996576619370793,2.374801453854425,-0.08367220129517072,-0.10119511505956884,0.3826173826173826
914,-0.7392719383904283,-10.928940335585901,-0.12529763479721945,-0.10119511505956884,0.3826173826173826
915,-0.9303078120551331,-13.691517654026574,-0.1727234630480714,-0.10119511505956884,0.3826173826173826
916,0.6981743364708818,9.26430196731134,-0.07701730075513902,-0.10119511505956884,0.3826173826173826
917,0.5245536898037362,9.27041329954763,-0.09964674793901918,-0.10119511505956884,0.3826173826173826
918,0.2803809707932873,3.5389398823576723,-0.106692412354353,-0.10119511505956884,0.3826173826173826
919,-1.222272730124913,-16.28197220203278,-0.17253228825941536,-0.10119511505956884,0.3826173826173826
920,0.007450863906809272,-0.33989558146153565,-0.12996197122366682,-0.10119511505956884,0.3826173826173826
921,0.04806280251548821,0.21294597610066468,-0.09510874381190004,-0.10119511505956884,0.3826173826173826
922,0.10646848715815875,1.054128367130014,-0.09826543354924777,-0.10119511505956884,0.3826173826173826
923,0.3428295496298586,4.627689405411939,-0.07892676610745541,-0.10119511505956884,0.3826173826173826
924,-0.6610079420347507,-11.468436805335536,-0.19077017346431735,-0.10119511505956884,0.3826173826173826
925,-0.24926784292224244,-4.9968194320652355,-0.18872281789900014,-0.10119511505956884,0.3826173826173826
926,-1.424745564995239,-22.407974126192297,-0.23705205657175343,-0.10119511505956884,0.3826173826173826
927,-0.8687185000826498,-13.479966173850766,-0.150431006498983,-0.10119511505956884,0.3826173826173826
928,-0.9929260184205475,-14.263595301467358,-0.1796393854811057,-0.10119511505956884,0.3826173826173826
929,-0.11389655036663868,-2.2889089477437286,-0.17784628113492273,-0.10119511505956884,0.3826173826173826
930,0.1403164086886049,1.5320758805092982,-0.08948060993315043,-0.10119511505956884,0.3826173826173826
931,-0.4045830496188238,-6.481139555816995,-0.11684371114016812,-0.10119511505956884,0.3826173826173826
932,-0.0991821404870209,-2.4961096610484845,-0.13414759452406277,-0.10119511505956884,0.3826173826173826
933,-0.3781016813178341,-5.872144342579178,-0.1118485765618612,-0.10119511505956884,0.3826173826173826
934,-0.35772601859937453,-5.441326217757525,-0.1428154611879997,-0.10119511505956884,0.3826173826173826
935,-0.695780717115571,-13.175988995319553,-0.22813066630154477,-0.10119511505956884,0.3826173826173826
936,0.642336162146564,9.242747650837835,-0.07946219602595495,-0.10119511505956884,0.3826173826173826
937,-0.4098429671142442,-6.955539351029405,-0.18115302678009426,-0.10119511505956884,0.3826173826173826
938,0.400578117382322,6.975098857488282,-0.12667073460636735,-0.10119511505956884,0.3826173826173826
939,0.5278921299570776,7.805563858677833,-0.08685646656213797,-0.10119511505956884,0.3826173826173826
940,0.9633672779902692,13.11264204131346,-0.060432904917152586,-0.10119511505956884,0.3826173826173826
941,0.31641984869168155,3.1586878008213137,-0.06038348050447562,-0.10119511505956884,0.3826173826173826
942,-0.8531864086101653,-13.19877054935118,-0.16886670845138663,-0.10119511505956884,0.3826173826173826
943,0.2587491646787715,4.575733463312237,-0.17662500746380294,-0.10119511505956884,0.3826173826173826
944,-0.9991598060249289,-15.221525149154347,-0.26813993799272906,-0.10119511505956884,0.3826173826173826
945,1.182828749528842,16.813784601752445,-0.08198625928072867,-0.10119511505956884,0.3826173826173826
946,0.6583315435567636,8.791645397766334,-0.06382962883953502,-0.10119511505956884,0.3826173826173826
947,-0.34161342182815324,-6.285123963292094,-0.13937506237468233,-0.10119511505956884,0.3826173826173826
948,0.2106406056199817,2.641510041091699,-0.16846663460850753,-0.10119511505956884,0.3826173826173826
949,0.216795593219859,2.247977160003911,-0.08418437905802534,-0.10119511505956884,0.3826173826173826
950,-0.46264046562056504,-9.062447658467953,-0.16356457317598416,-0.10119511505956884,0.3826173826173826
951,-0.007373950522577581,-0.7428306359271275,-0.09089057525838984,-0.10119511505956884,0.3826173826173826
952,0.86961117145056,12.79265859052472,-0.06577180481649736,-0.10119511505956884,0.3826173826173826
953,-0.5016695631891753,-7.537901001644187,-0.12555413762524426,-0.10119511505956884,0.3826173826173826
954,-1.5148578332599936,-30.205618778217612,-0.3366100944986442,-0.10119511505956884,0.3826173826173826
955,-0.6941564984411976,-9.68022475335294,-0.16236242882004814,-0.10119511505956884,0.3826173826173826
956,-0.43030216758698625,-7.570250189736871,-0.1450440924851193,-0.10119511505956884,0.3826173826173826
957,0.49634786471711145,6.050289516244045,-0.06095732112228891,-0.10119511505956884,0.3826173826173826
958,-0.41938891940059475,-5.955037866219392,-0.14594323998116954,-0.10119511505956884,0.3826173826173826
959,0.1069110112307092,1.033657332293969,-0.10981372579035253,-0.10119511505956884,0.3826173826173826
960,-0.21515682465456634,-3.657987707231969,-0.14989866714780953,-0.10119511505956884,0.3826173826173826
961,-0.8794372047575925,-12.458836001441965,-0.15919714628270898,-0.10119511505956884,0.3826173826173826
962,-0.14667803910881172,-2.869678019680233,-0.1654654329472205,-0.10119511505956884,0.3826173826173826
963,-0.051194000173461755,-1.2262596701569262,-0.10203739712507842,-0.10119511505956884,0.3826173826173826
964,-1.6276480344189055,-23.946222668946504,-0.25781504845425696,-0.10119511505956884,0.3826173826173826
965,-0.8738441404511905,-14.223350584856508,-0.22194751718734407,-0.10119511505956884,0.3826173826173826
966,-0.6875419825822653,-9.455979628454347,-0.14591772811865866,-0.10119511505956884,0.3826173826173826
967,0.39949065756582886,5.6395587129138836,-0.11189778748755341,-0.10119511505956884,0.3826173826173826
968,-1.650853525137265,-28.529034275100017,-0.3340476933361839,-0.10119511505956884,0.3826173826173826
969,-0.5554739041036949,-8.97501056061365,-0.17433038929378575,-0.10119511505956884,0.3826173826173826
970,-1.1721475049885968,-16.066457569297743,-0.17937300713437698,-0.10119511505956884,0.3826173826173826
971,-0.7045556179730595,-12.487148328707953,-0.16382444321765854,-0.10119511505956884,0.3826173826173826
972,-0.3633218760619273,-5.97362571822816,-0.1494527757042734,-0.10119511505956884,0.3826173826173826
973,0.21609414570867228,3.0771171841891265,-0.10499042498877165,-0.10119511505956884,0.3826173826173826
974,0.11609347878031583,1.2678683748955422,-0.16080777400972346,-0.10119511505956884,0.3826173826173826
975,-0.6650044759169687,-9.229028716615762,-0.1346655977287129,-0.10119511505956884,0.3826173826173826
976,-0.8264877400732337,-14.246395390688338,-0.17638800245383046,-0.10119511505956884,0.3826173826173826
977,-0.5439339157588233,-8.808933183220125,-0.16627930383787937,-0.10119511505956884,0.3826173826173826
978,1.3778588649483323,25.122702689519038,-0.08227888452867216,-0.10119511505956884,0.3826173826173826
979,-0.8209631653473707,-12.025109553685454,-0.13684481001601678,-0.10119511505956884,0.3826173826173826
980,-1.6736252804570748,-28.354435545496727,-0.31967804185913495,-0.10119511505956884,0.3826173826173826
981,0.005176488894676433,-0.3058853392608252,-0.05648590344966509,-0.10119511505956884,0.3826173826173826
982,-0.10088723931910124,-1.9768051131435649,-0.1469340405161782,-0.10119511505956884,0.3826173826173826
983,0.14580152522051085,1.618404305962784,-0.11095206782414258,-0.10119511505956884,0.3826173826173826
984,0.30640702703173867,4.131426309575481,-0.09663361320438824,-0.10119511505956884,0.3826173826173826
985,-1.1024241307114009,-18.918631440751245,-0.23172550738103748,-0.10119511505956884,0.3826173826173826
986,-1.5280250817577916,-18.859881271211997,-0.20369801634124451,-0.10119511505956884,0.3826173826173826
987,-1.2293922104256902,-21.218943666226263,-0.2272799593219973,-0.10119511505956884,0.3826173826173826
988,-1.5279257535196087,-21.177818109498315,-0.25734213343169465,-0.10119511505956884,0.3826173826173826
989,0.21895346709227512,2.9990425005795185,-0.11797045318684463,-0.10119511505956884,0.3826173826173826
990,0.10887090068113445,1.0702098535666726,-0.09308979394632899,-0.10119511505956884,0.3826173826173826
991,-0.8889035834094817,-14.086271643152637,-0.2279072822974325,-0.10119511505956884,0.3826173826173826
992,-0.6998799201354132,-12.933181012297934,-0.15969551487545341,-0.10119511505956884,0.3826173826173826
993,0.22040819273878393,2.2087320385595133,-0.10956132845991762,-0.10119511505956884,0.3826173826173826
994,-1.7240879581551183,-32.518685401848124,-0.38160787998704804,-0.10119511505956884,0.3826173826173826
995,0.4533037673394396,6.888808235655963,-0.11129617076418374,-0.10119511505956884,0.3826173826173826
996,-0.6140255918015167,-10.179528795009462,-0.1803496919325429,-0.10119511505956884,0.3826173826173826
997,-0.48237466660014316,-7.937667999516429,-0.14711059573727558,-0.10119511505956884,0.3826173826173826
998,-0.6672740842784769,-12.39321150612106,-0.2348034811639883,-0.10119511505956884,0.3826173826173826
999,-0.19417773856068252,-4.270483096369537,-0.14120668179064577,-0.10119511505956884,0.3826173826173826
1000,0.0714079519090469,0.45453455120290087,-0.10802211928755845,-0.10119511505956884,0.3826173826173826
